snapshot_t,lookbacktime,Rcenters,Nparticles,amp0,amp1,amp2,phase0,phase1,phase2
520.0,7.6413755,0.5,0.0,0.0,0.0,0.0,0.0,0.0,0.0
520.0,7.6413755,1.5,121118.0,121118.0,1029082.4,36288.152,0.0,1.1301649,-2.8620956
520.0,7.6413755,2.5,92709.0,92709.0,626951.6,20684.133,0.0,1.3466666,-2.4905465
520.0,7.6413755,3.5,84954.0,84954.0,370761.88,35571.91,0.0,1.9114505,-1.9125383
520.0,7.6413755,4.5,97090.0,97090.0,340778.3,64449.844,0.0,2.2797737,0.62256557
520.0,7.6413755,5.5,112683.0,112683.0,318401.25,44572.863,0.0,2.982991,-3.0436623
520.0,7.6413755,6.5,103172.0,103172.0,445255.53,63547.07,0.0,-3.11839,1.0677253
520.0,7.6413755,7.5,98135.0,98135.0,415346.97,140384.31,0.0,2.9422176,0.63699156
520.0,7.6413755,8.5,94827.0,94827.0,495032.56,43621.83,0.0,2.9072146,-2.9605613
520.0,7.6413755,9.5,90934.0,90934.0,328528.53,140439.7,0.0,2.9903328,-1.2452407
520.0,7.6413755,10.5,86561.0,86561.0,50617.55,110391.516,0.0,-0.21542397,2.0355458
520.0,7.6413755,11.5,71699.0,71699.0,217357.88,189013.55,0.0,-0.85058767,1.4804357
520.0,7.6413755,12.5,60728.0,60728.0,454990.75,221243.2,0.0,-0.77357566,1.4892567
520.0,7.6413755,13.5,49568.0,49568.0,501288.7,68153.39,0.0,-0.88544494,1.1656544
520.0,7.6413755,14.5,38441.0,38441.0,466850.84,38654.16,0.0,-0.9817707,1.4563907
520.0,7.6413755,15.5,30775.0,30775.0,448088.94,59350.305,0.0,-1.0085002,1.1585965
520.0,7.6413755,16.5,28298.0,28298.0,438031.66,112096.12,0.0,-0.99155074,0.9048212
520.0,7.6413755,17.5,21614.0,21614.0,191300.34,49504.336,0.0,-1.4126978,-0.7722292
520.0,7.6413755,18.5,19029.0,19029.0,127823.734,41289.92,0.0,-1.9139891,-1.5477821
520.0,7.6413755,19.5,14239.0,14239.0,121316.97,48619.12,0.0,-2.1758378,-1.7601393
520.0,7.6413755,20.5,10248.0,10248.0,123676.99,70255.62,0.0,-2.5383291,-2.2452784
520.0,7.6413755,21.5,7409.0,7409.0,104272.81,66863.03,0.0,-2.705926,-2.47333
523.0,7.596713,0.5,0.0,0.0,0.0,0.0,0.0,0.0,0.0
523.0,7.596713,1.5,121525.0,121525.0,979722.1,54226.316,0.0,1.1608727,1.4037013
523.0,7.596713,2.5,92430.0,92430.0,615959.25,54889.453,0.0,1.4376211,2.0398483
523.0,7.596713,3.5,80968.0,80968.0,387376.22,50604.07,0.0,1.8136183,-1.4245017
523.0,7.596713,4.5,91207.0,91207.0,322771.72,29075.076,0.0,2.2729487,-0.9725347
523.0,7.596713,5.5,106089.0,106089.0,292026.16,60786.195,0.0,2.945774,-1.7042958
523.0,7.596713,6.5,113779.0,113779.0,450354.66,32268.162,0.0,-3.0207894,-2.3570669
523.0,7.596713,7.5,109791.0,109791.0,483633.0,34383.48,0.0,2.9526336,1.4984449
523.0,7.596713,8.5,104589.0,104589.0,486817.53,66334.54,0.0,2.6636684,-0.07551274
523.0,7.596713,9.5,90162.0,90162.0,253328.5,105559.195,0.0,2.8717985,0.06721901
523.0,7.596713,10.5,83641.0,83641.0,85062.84,87561.72,0.0,-2.9289787,0.028408801
523.0,7.596713,11.5,73963.0,73963.0,209357.1,187926.19,0.0,-0.91407233,0.37582648
523.0,7.596713,12.5,64993.0,64993.0,449403.0,163640.4,0.0,-0.7980881,0.3138683
523.0,7.596713,13.5,53348.0,53348.0,409537.75,108610.055,0.0,-0.85504746,0.61060256
523.0,7.596713,14.5,39554.0,39554.0,365302.56,46419.016,0.0,-1.0568147,1.6631999
523.0,7.596713,15.5,30221.0,30221.0,330579.9,7604.4995,0.0,-1.0281094,-1.8194531
523.0,7.596713,16.5,25487.0,25487.0,303646.72,10702.502,0.0,-1.2115995,-1.8330686
523.0,7.596713,17.5,22094.0,22094.0,237473.36,8668.475,0.0,-1.3092536,-1.9015517
523.0,7.596713,18.5,17505.0,17505.0,163423.64,17453.758,0.0,-1.4254245,3.0991015
523.0,7.596713,19.5,12789.0,12789.0,95672.914,36120.812,0.0,-1.9059588,-2.3633885
523.0,7.596713,20.5,9259.0,9259.0,94934.51,63508.176,0.0,-2.659928,-2.5256736
523.0,7.596713,21.5,5402.0,5402.0,59650.344,42676.02,0.0,-2.7955709,-2.829173
525.0,7.566684,0.5,0.0,0.0,0.0,0.0,0.0,0.0,0.0
525.0,7.566684,1.5,122011.0,122011.0,998866.4,39461.7,0.0,1.1089451,-2.7569053
525.0,7.566684,2.5,93692.0,93692.0,570488.44,56614.99,0.0,1.4248236,-0.8345711
525.0,7.566684,3.5,82937.0,82937.0,385502.06,39368.35,0.0,1.8271261,3.0818121
525.0,7.566684,4.5,91438.0,91438.0,239298.94,45392.29,0.0,2.1950495,3.117582
525.0,7.566684,5.5,104332.0,104332.0,264295.72,74854.64,0.0,2.5170217,2.8243852
525.0,7.566684,6.5,108892.0,108892.0,348351.66,84338.03,0.0,3.0977266,-1.6745626
525.0,7.566684,7.5,111946.0,111946.0,515943.75,48963.75,0.0,2.958836,1.6067921
525.0,7.566684,8.5,105728.0,105728.0,433558.9,113913.9,0.0,2.7537413,-0.28344482
525.0,7.566684,9.5,97610.0,97610.0,236456.22,186654.1,0.0,2.0761497,-1.1005008
525.0,7.566684,10.5,86596.0,86596.0,76815.32,116403.14,0.0,-0.67709875,-0.38498542
525.0,7.566684,11.5,74326.0,74326.0,239998.8,93239.55,0.0,-0.8340772,0.12375386
525.0,7.566684,12.5,67843.0,67843.0,426427.0,127412.17,0.0,-0.84107184,0.25156322
525.0,7.566684,13.5,54336.0,54336.0,340201.1,58146.203,0.0,-0.965068,-0.31158882
525.0,7.566684,14.5,41077.0,41077.0,309813.06,61071.49,0.0,-0.9139544,-0.67209125
525.0,7.566684,15.5,30568.0,30568.0,277226.16,26756.457,0.0,-0.976916,-1.9804176
525.0,7.566684,16.5,24533.0,24533.0,198989.31,63838.39,0.0,-1.0885717,-2.253516
525.0,7.566684,17.5,21059.0,21059.0,139031.17,75657.875,0.0,-1.4726542,-2.6541731
525.0,7.566684,18.5,17036.0,17036.0,162212.78,4029.6643,0.0,-1.4351579,1.6551766
525.0,7.566684,19.5,12302.0,12302.0,93924.43,12149.548,0.0,-1.8243774,-2.2200956
525.0,7.566684,20.5,9643.0,9643.0,89185.39,57667.125,0.0,-2.5814033,-2.4806573
525.0,7.566684,21.5,4102.0,4102.0,37599.98,23404.896,0.0,-2.7304664,-2.7947779
527.0,7.5333905,0.5,0.0,0.0,0.0,0.0,0.0,0.0,0.0
527.0,7.5333905,1.5,120434.0,120434.0,918684.8,76743.195,0.0,1.1684897,-3.100576
527.0,7.5333905,2.5,93247.0,93247.0,563176.2,27329.857,0.0,1.4121969,-1.9770842
527.0,7.5333905,3.5,85040.0,85040.0,400303.62,38326.258,0.0,1.8817796,3.090764
527.0,7.5333905,4.5,94960.0,94960.0,342052.7,98827.58,0.0,2.1928165,-2.591539
527.0,7.5333905,5.5,109924.0,109924.0,276430.28,85170.19,0.0,2.4975264,-3.0998282
527.0,7.5333905,6.5,107066.0,107066.0,245178.4,32894.363,0.0,2.9400764,-1.5267104
527.0,7.5333905,7.5,104079.0,104079.0,401979.6,67588.47,0.0,-3.1135647,-3.077949
527.0,7.5333905,8.5,107264.0,107264.0,568489.9,43870.652,0.0,2.8996422,2.4963489
527.0,7.5333905,9.5,96239.0,96239.0,223309.94,129925.0,0.0,2.6582398,-0.8698928
527.0,7.5333905,10.5,91204.0,91204.0,131916.88,183995.73,0.0,-0.7444813,-0.8243243
527.0,7.5333905,11.5,75713.0,75713.0,284248.5,167235.33,0.0,-0.54052114,-0.6324005
527.0,7.5333905,12.5,70468.0,70468.0,407098.28,167728.23,0.0,-0.6847432,-0.57285124
527.0,7.5333905,13.5,57448.0,57448.0,409425.78,127209.445,0.0,-0.70934296,-0.7188317
527.0,7.5333905,14.5,43782.0,43782.0,313877.5,27903.332,0.0,-0.92097455,-3.0511425
527.0,7.5333905,15.5,34296.0,34296.0,302903.72,36209.29,0.0,-0.9417834,-2.8475611
527.0,7.5333905,16.5,24386.0,24386.0,178695.56,52844.375,0.0,-1.1547139,-2.3047707
527.0,7.5333905,17.5,18827.0,18827.0,112598.36,57223.785,0.0,-1.4955615,-2.6057813
527.0,7.5333905,18.5,15123.0,15123.0,75190.586,43265.938,0.0,-1.4964842,-2.2101755
527.0,7.5333905,19.5,11649.0,11649.0,55812.36,14475.606,0.0,-1.7205,-2.4287088
527.0,7.5333905,20.5,8098.0,8098.0,68129.17,54897.22,0.0,-2.54417,-2.387422
527.0,7.5333905,21.5,4172.0,4172.0,26721.416,28809.727,0.0,-2.6557496,-2.4461608
530.0,7.48298,0.5,0.0,0.0,0.0,0.0,0.0,0.0,0.0
530.0,7.48298,1.5,121096.0,121096.0,917168.2,7294.0684,0.0,1.1123756,2.7227845
530.0,7.48298,2.5,92450.0,92450.0,514521.6,23816.398,0.0,1.4374137,-2.187882
530.0,7.48298,3.5,86204.0,86204.0,351306.25,42800.777,0.0,1.921276,0.7665154
530.0,7.48298,4.5,93189.0,93189.0,414371.84,48038.363,0.0,2.3648455,1.6605537
530.0,7.48298,5.5,107191.0,107191.0,345830.6,48846.324,0.0,2.840603,1.7969651
530.0,7.48298,6.5,114551.0,114551.0,328058.66,31005.69,0.0,2.7919497,2.731425
530.0,7.48298,7.5,104794.0,104794.0,283660.72,103650.94,0.0,-2.9639347,-2.7280235
530.0,7.48298,8.5,101685.0,101685.0,369624.03,91679.36,0.0,2.9764173,2.2988377
530.0,7.48298,9.5,97674.0,97674.0,326031.62,123713.07,0.0,-3.116795,0.9985669
530.0,7.48298,10.5,90289.0,90289.0,128717.11,220234.11,0.0,-2.1930232,-1.180092
530.0,7.48298,11.5,75390.0,75390.0,228817.38,209747.95,0.0,-0.69794345,-1.1649281
530.0,7.48298,12.5,67901.0,67901.0,489383.88,154477.8,0.0,-0.75383687,-0.6085793
530.0,7.48298,13.5,59388.0,59388.0,537916.8,41170.047,0.0,-0.64917696,-0.8190505
530.0,7.48298,14.5,49823.0,49823.0,410971.53,70936.516,0.0,-0.73612654,-2.0050225
530.0,7.48298,15.5,37117.0,37117.0,320693.12,121905.71,0.0,-0.83674943,-2.562379
530.0,7.48298,16.5,27430.0,27430.0,240905.17,35402.887,0.0,-1.2776005,-2.4063835
530.0,7.48298,17.5,19635.0,19635.0,159012.11,51431.78,0.0,-1.3258854,-2.315053
530.0,7.48298,18.5,15293.0,15293.0,105377.19,40545.477,0.0,-1.2198629,-2.347175
530.0,7.48298,19.5,11252.0,11252.0,40924.336,25900.018,0.0,-1.4015332,-2.158925
530.0,7.48298,20.5,7586.0,7586.0,30762.062,35512.086,0.0,-2.3908267,-3.063307
530.0,7.48298,21.5,4832.0,4832.0,36211.51,46386.45,0.0,-2.9798796,3.01628
532.0,7.445623,0.5,0.0,0.0,0.0,0.0,0.0,0.0,0.0
532.0,7.445623,1.5,120928.0,120928.0,919170.44,53712.285,0.0,1.1452178,-2.3596656
532.0,7.445623,2.5,92829.0,92829.0,547165.8,16078.035,0.0,1.4232917,1.5582094
532.0,7.445623,3.5,86748.0,86748.0,389460.78,54755.14,0.0,1.8571098,-0.4838343
532.0,7.445623,4.5,94483.0,94483.0,503573.1,42959.64,0.0,2.3223798,0.46651134
532.0,7.445623,5.5,108482.0,108482.0,341882.25,13506.227,0.0,2.636742,-1.274206
532.0,7.445623,6.5,111019.0,111019.0,345450.4,39228.863,0.0,3.0166326,1.3165449
532.0,7.445623,7.5,110715.0,110715.0,391807.62,86778.23,0.0,-3.02272,3.0650144
532.0,7.445623,8.5,106143.0,106143.0,444268.78,89390.91,0.0,-3.0540638,1.1136793
532.0,7.445623,9.5,92591.0,92591.0,299752.53,157745.5,0.0,-2.8265193,1.200772
532.0,7.445623,10.5,89472.0,89472.0,132407.69,60860.367,0.0,-2.3859682,-1.7423596
532.0,7.445623,11.5,82151.0,82151.0,292651.44,242101.45,0.0,-0.49358362,-1.5383215
532.0,7.445623,12.5,65381.0,65381.0,376588.75,195478.34,0.0,-0.6372751,-0.8223763
532.0,7.445623,13.5,56366.0,56366.0,428453.53,136821.81,0.0,-0.82477576,-0.83766675
532.0,7.445623,14.5,44884.0,44884.0,411861.12,84744.05,0.0,-0.79982626,-1.915066
532.0,7.445623,15.5,38424.0,38424.0,370770.94,151194.08,0.0,-0.73055893,-3.0103548
532.0,7.445623,16.5,31078.0,31078.0,252341.28,116082.49,0.0,-1.078026,3.0246146
532.0,7.445623,17.5,24160.0,24160.0,207197.77,42062.227,0.0,-1.3498791,-2.806694
532.0,7.445623,18.5,16993.0,16993.0,135028.67,50583.71,0.0,-1.2985823,-2.230071
532.0,7.445623,19.5,10815.0,10815.0,78246.1,21694.459,0.0,-1.3738036,-1.643371
532.0,7.445623,20.5,6961.0,6961.0,34293.918,5408.0317,0.0,-1.5968308,2.1513515
532.0,7.445623,21.5,4772.0,4772.0,21279.188,29100.432,0.0,-2.6953921,2.452324
535.0,7.388983,0.5,0.0,0.0,0.0,0.0,0.0,0.0,0.0
535.0,7.388983,1.5,122289.0,122289.0,1000746.6,28335.166,0.0,1.1274707,-2.6680746
535.0,7.388983,2.5,94126.0,94126.0,566814.0,45861.07,0.0,1.5384519,2.2478209
535.0,7.388983,3.5,85912.0,85912.0,365411.78,20050.283,0.0,1.9202739,-2.6109438
535.0,7.388983,4.5,97612.0,97612.0,400977.38,107658.83,0.0,2.432879,-2.2006216
535.0,7.388983,5.5,114321.0,114321.0,468744.78,175069.27,0.0,2.472988,-1.1536143
535.0,7.388983,6.5,113557.0,113557.0,330491.03,112773.99,0.0,2.9342895,-2.1050038
535.0,7.388983,7.5,108725.0,108725.0,313292.72,38194.824,0.0,-3.1150076,2.6318066
535.0,7.388983,8.5,109749.0,109749.0,391921.3,191741.86,0.0,-3.062254,2.2586746
535.0,7.388983,9.5,97624.0,97624.0,410778.8,133079.88,0.0,-2.9847336,2.0450616
535.0,7.388983,10.5,88691.0,88691.0,100959.69,75618.63,0.0,-2.5080588,3.0332787
535.0,7.388983,11.5,77008.0,77008.0,167978.75,121445.055,0.0,-0.7608869,-2.3851547
535.0,7.388983,12.5,67167.0,67167.0,401600.9,186753.11,0.0,-0.31111583,-2.1044974
535.0,7.388983,13.5,53460.0,53460.0,347746.66,35037.05,0.0,-0.62927336,-1.1326343
535.0,7.388983,14.5,43224.0,43224.0,365122.38,65008.12,0.0,-0.7965159,-2.891944
535.0,7.388983,15.5,37442.0,37442.0,312927.44,119582.195,0.0,-0.8624696,2.631549
535.0,7.388983,16.5,30544.0,30544.0,226025.22,44455.652,0.0,-1.0498321,2.3333561
535.0,7.388983,17.5,23422.0,23422.0,202478.9,35374.613,0.0,-1.4684445,1.6916767
535.0,7.388983,18.5,19897.0,19897.0,200615.56,33957.34,0.0,-1.4726788,2.5685055
535.0,7.388983,19.5,12425.0,12425.0,108852.6,32171.21,0.0,-1.5039983,-2.8470955
535.0,7.388983,20.5,6662.0,6662.0,64407.71,28288.504,0.0,-1.7438517,-1.4488152
535.0,7.388983,21.5,4108.0,4108.0,30558.57,11345.113,0.0,-1.6979934,-1.3529252
537.0,7.3680286,0.5,0.0,0.0,0.0,0.0,0.0,0.0,0.0
537.0,7.3680286,1.5,122759.0,122759.0,947998.6,57141.84,0.0,1.1185607,-1.4761112
537.0,7.3680286,2.5,93547.0,93547.0,591367.7,32641.738,0.0,1.512601,-2.708222
537.0,7.3680286,3.5,84314.0,84314.0,350333.38,32706.473,0.0,1.9449703,-2.7259128
537.0,7.3680286,4.5,96305.0,96305.0,375445.5,91530.31,0.0,2.6368313,2.9558537
537.0,7.3680286,5.5,113723.0,113723.0,438551.0,91558.83,0.0,2.4946876,-2.224573
537.0,7.3680286,6.5,117155.0,117155.0,330471.4,155093.64,0.0,2.9276702,-2.0020473
537.0,7.3680286,7.5,109800.0,109800.0,359080.47,72993.81,0.0,-3.130617,0.16008148
537.0,7.3680286,8.5,107087.0,107087.0,423567.66,113428.37,0.0,-2.9057946,2.028932
537.0,7.3680286,9.5,101913.0,101913.0,349622.03,177047.9,0.0,-2.902468,2.2485404
537.0,7.3680286,10.5,87445.0,87445.0,139997.17,93422.34,0.0,-2.4939647,2.903991
537.0,7.3680286,11.5,77777.0,77777.0,137548.89,134027.44,0.0,-0.3107072,-2.7434573
537.0,7.3680286,12.5,68479.0,68479.0,340353.6,99540.22,0.0,-0.3516977,-2.3891807
537.0,7.3680286,13.5,56305.0,56305.0,363230.88,46469.14,0.0,-0.4547787,-1.9412732
537.0,7.3680286,14.5,43236.0,43236.0,361258.16,59901.42,0.0,-0.70209694,-2.6935928
537.0,7.3680286,15.5,36135.0,36135.0,301613.12,108583.54,0.0,-0.7647505,2.5688612
537.0,7.3680286,16.5,28716.0,28716.0,223494.34,45778.527,0.0,-0.9820421,2.077046
537.0,7.3680286,17.5,21873.0,21873.0,196817.3,29656.348,0.0,-1.3690454,1.7930906
537.0,7.3680286,18.5,21154.0,21154.0,220169.64,36101.348,0.0,-1.543805,1.248779
537.0,7.3680286,19.5,12915.0,12915.0,128317.086,24829.969,0.0,-1.6642426,2.9349267
537.0,7.3680286,20.5,6527.0,6527.0,72393.85,34194.324,0.0,-1.808355,-1.5174018
537.0,7.3680286,21.5,3630.0,3630.0,28694.094,13585.135,0.0,-1.726186,-1.3219097
539.0,7.3258142,0.5,0.0,0.0,0.0,0.0,0.0,0.0,0.0
539.0,7.3258142,1.5,122319.0,122319.0,919217.7,33762.676,0.0,1.1940317,1.9258096
539.0,7.3258142,2.5,94977.0,94977.0,521593.34,32058.426,0.0,1.6476873,-3.1374102
539.0,7.3258142,3.5,85957.0,85957.0,416190.78,51358.207,0.0,2.1831198,1.2371547
539.0,7.3258142,4.5,93890.0,93890.0,435670.22,52510.625,0.0,2.6563127,2.5646865
539.0,7.3258142,5.5,108558.0,108558.0,414963.8,41733.78,0.0,2.5636718,1.9696376
539.0,7.3258142,6.5,113771.0,113771.0,283964.4,50213.906,0.0,2.533771,-2.3942218
539.0,7.3258142,7.5,113254.0,113254.0,328325.12,36831.03,0.0,-3.0598056,-1.6549685
539.0,7.3258142,8.5,106093.0,106093.0,388631.3,92336.99,0.0,-2.8182466,-3.076097
539.0,7.3258142,9.5,104094.0,104094.0,348432.53,185462.94,0.0,-2.8188324,2.322148
539.0,7.3258142,10.5,97371.0,97371.0,102343.63,186251.19,0.0,-2.2395368,1.9508734
539.0,7.3258142,11.5,82060.0,82060.0,180482.44,150649.56,0.0,-0.7621248,2.5602744
539.0,7.3258142,12.5,70718.0,70718.0,397075.5,185819.02,0.0,-0.39589915,-3.0502973
539.0,7.3258142,13.5,59379.0,59379.0,499107.34,111622.266,0.0,-0.29977962,3.0158765
539.0,7.3258142,14.5,42568.0,42568.0,370748.78,55679.566,0.0,-0.39721707,2.7302806
539.0,7.3258142,15.5,35025.0,35025.0,304541.22,33749.582,0.0,-0.6614915,1.7012327
539.0,7.3258142,16.5,31098.0,31098.0,282883.6,63242.566,0.0,-0.94935155,0.8728389
539.0,7.3258142,17.5,23181.0,23181.0,206357.38,54532.02,0.0,-1.359968,0.48803923
539.0,7.3258142,18.5,18969.0,18969.0,215669.05,55827.68,0.0,-1.7517077,0.36371443
539.0,7.3258142,19.5,13174.0,13174.0,176610.0,31534.445,0.0,-1.873785,0.41457653
539.0,7.3258142,20.5,6199.0,6199.0,69700.72,16483.936,0.0,-1.9681805,-1.4080242
539.0,7.3258142,21.5,3242.0,3242.0,37198.797,23558.982,0.0,-1.880752,-1.5802112
541.0,7.3045545,0.5,0.0,0.0,0.0,0.0,0.0,0.0,0.0
541.0,7.3045545,1.5,121383.0,121383.0,910274.7,31642.967,0.0,1.1245013,1.1703681
541.0,7.3045545,2.5,94652.0,94652.0,510288.12,4750.3438,0.0,1.5395538,-1.8035129
541.0,7.3045545,3.5,86601.0,86601.0,416256.22,15506.573,0.0,2.2072432,-0.88935494
541.0,7.3045545,4.5,94281.0,94281.0,452867.66,86826.06,0.0,2.7671888,1.3794609
541.0,7.3045545,5.5,109024.0,109024.0,439631.3,53770.863,0.0,2.5676713,2.5638382
541.0,7.3045545,6.5,113963.0,113963.0,309051.34,41373.156,0.0,2.6378198,-2.3656464
541.0,7.3045545,7.5,110337.0,110337.0,277575.94,28150.771,0.0,3.0581098,-0.995544
541.0,7.3045545,8.5,106624.0,106624.0,338116.75,77433.1,0.0,-2.6586294,2.8888788
541.0,7.3045545,9.5,103966.0,103966.0,299673.66,147508.0,0.0,-2.5949173,2.6805837
541.0,7.3045545,10.5,102923.0,102923.0,147412.19,280649.3,0.0,-2.1642847,1.780244
541.0,7.3045545,11.5,83768.0,83768.0,174462.5,152101.39,0.0,-0.6537138,2.2381954
541.0,7.3045545,12.5,71423.0,71423.0,404721.3,142231.78,0.0,-0.4665805,2.9687047
541.0,7.3045545,13.5,59155.0,59155.0,460467.44,161333.66,0.0,-0.3338467,2.7314382
541.0,7.3045545,14.5,47909.0,47909.0,474015.66,57342.312,0.0,-0.390699,2.6142259
541.0,7.3045545,15.5,36018.0,36018.0,298561.28,27016.82,0.0,-0.63762283,1.6021558
541.0,7.3045545,16.5,29988.0,29988.0,254830.11,73598.08,0.0,-1.0201294,0.30486837
541.0,7.3045545,17.5,22190.0,22190.0,182943.92,61514.586,0.0,-1.3942212,-0.27522975
541.0,7.3045545,18.5,19287.0,19287.0,203831.47,66373.9,0.0,-1.8240343,0.20928997
541.0,7.3045545,19.5,12740.0,12740.0,184667.39,50869.79,0.0,-1.9413394,0.19583973
541.0,7.3045545,20.5,6202.0,6202.0,76478.78,13002.878,0.0,-2.0877404,-1.5205983
541.0,7.3045545,21.5,3041.0,3041.0,33356.684,18823.229,0.0,-1.9846747,-1.6693981
543.0,7.2714963,0.5,0.0,0.0,0.0,0.0,0.0,0.0,0.0
543.0,7.2714963,1.5,121618.0,121618.0,875863.5,27335.564,0.0,1.1672391,-1.3768158
543.0,7.2714963,2.5,93516.0,93516.0,510109.44,45916.145,0.0,1.6601804,2.6730127
543.0,7.2714963,3.5,86266.0,86266.0,409795.4,9907.037,0.0,2.1675072,-0.67451966
543.0,7.2714963,4.5,93157.0,93157.0,487526.84,79324.15,0.0,2.6945384,-0.19573312
543.0,7.2714963,5.5,112939.0,112939.0,534891.3,19752.611,0.0,2.6061945,0.65435
543.0,7.2714963,6.5,114246.0,114246.0,387129.34,75274.125,0.0,2.9150903,1.8230078
543.0,7.2714963,7.5,108557.0,108557.0,373593.12,29565.709,0.0,-3.0124807,2.2723107
543.0,7.2714963,8.5,103833.0,103833.0,238824.4,135084.17,0.0,-2.407205,-3.1300805
543.0,7.2714963,9.5,100630.0,100630.0,268033.53,113604.67,0.0,-2.2826695,2.6705966
543.0,7.2714963,10.5,99567.0,99567.0,199119.3,164792.61,0.0,-2.3277383,1.6274165
543.0,7.2714963,11.5,87814.0,87814.0,142288.2,254960.5,0.0,-1.0240818,1.8449286
543.0,7.2714963,12.5,77045.0,77045.0,370414.12,154703.47,0.0,-0.55171126,2.1017246
543.0,7.2714963,13.5,67577.0,67577.0,401102.4,140942.67,0.0,-0.4007198,2.5321054
543.0,7.2714963,14.5,50261.0,50261.0,425742.5,36202.5,0.0,-0.38294452,2.0970025
543.0,7.2714963,15.5,38976.0,38976.0,312600.6,74186.68,0.0,-0.62060666,0.50037706
543.0,7.2714963,16.5,30414.0,30414.0,212661.42,49105.164,0.0,-0.9701572,0.44642884
543.0,7.2714963,17.5,22767.0,22767.0,169337.38,71900.64,0.0,-1.3440034,-0.24371037
543.0,7.2714963,18.5,19704.0,19704.0,168492.66,63298.785,0.0,-1.722265,-0.53828347
543.0,7.2714963,19.5,11616.0,11616.0,146171.02,47808.44,0.0,-2.0867114,0.22476721
543.0,7.2714963,20.5,6325.0,6325.0,94817.32,29350.818,0.0,-2.055913,-0.18586145
543.0,7.2714963,21.5,2982.0,2982.0,33160.24,2815.2815,0.0,-2.0238714,-2.5588531
545.0,7.236227,0.5,0.0,0.0,0.0,0.0,0.0,0.0,0.0
545.0,7.236227,1.5,122217.0,122217.0,857255.5,28390.854,0.0,1.1163821,2.040735
545.0,7.236227,2.5,94208.0,94208.0,475543.38,40780.574,0.0,1.6121771,2.4642162
545.0,7.236227,3.5,89742.0,89742.0,440364.62,44489.43,0.0,2.2449493,-2.5324733
545.0,7.236227,4.5,96988.0,96988.0,476911.5,74500.9,0.0,2.5960402,-0.5721359
545.0,7.236227,5.5,111461.0,111461.0,585288.7,86161.61,0.0,2.847545,-0.7045833
545.0,7.236227,6.5,114018.0,114018.0,318057.12,53223.684,0.0,2.795112,0.16174597
545.0,7.236227,7.5,113214.0,113214.0,403608.16,114065.13,0.0,3.1136758,0.34697148
545.0,7.236227,8.5,104300.0,104300.0,361657.4,109596.98,0.0,-2.5537913,1.9860846
545.0,7.236227,9.5,92997.0,92997.0,372147.28,147010.4,0.0,-2.2644436,2.7629488
545.0,7.236227,10.5,94120.0,94120.0,173286.06,200080.45,0.0,-2.084684,1.6035181
545.0,7.236227,11.5,90083.0,90083.0,120513.1,167591.48,0.0,-0.2412071,1.2289953
545.0,7.236227,12.5,79044.0,79044.0,266020.16,156826.47,0.0,-0.2308123,2.003723
545.0,7.236227,13.5,68650.0,68650.0,353469.16,90031.234,0.0,-0.38006574,2.1345172
545.0,7.236227,14.5,55340.0,55340.0,342161.66,63208.24,0.0,-0.4519447,0.9046458
545.0,7.236227,15.5,41686.0,41686.0,335310.9,111572.68,0.0,-0.6220539,0.13230053
545.0,7.236227,16.5,32064.0,32064.0,248679.28,71588.41,0.0,-0.91195846,0.41367117
545.0,7.236227,17.5,24374.0,24374.0,167290.08,65061.586,0.0,-1.1115564,0.17651232
545.0,7.236227,18.5,18355.0,18355.0,115094.3,52453.574,0.0,-1.4032692,0.05754644
545.0,7.236227,19.5,12939.0,12939.0,107791.69,45414.39,0.0,-1.871451,-0.16194576
545.0,7.236227,20.5,5721.0,5721.0,84881.78,39560.31,0.0,-2.0319726,-0.31062073
545.0,7.236227,21.5,3013.0,3013.0,43543.574,8262.698,0.0,-2.1087556,0.2892142
547.0,7.1983123,0.5,0.0,0.0,0.0,0.0,0.0,0.0,0.0
547.0,7.1983123,1.5,120253.0,120253.0,835481.4,39285.945,0.0,1.1906599,-3.0527477
547.0,7.1983123,2.5,96409.0,96409.0,409674.8,38229.68,0.0,1.5334258,-1.5665735
547.0,7.1983123,3.5,89417.0,89417.0,378464.25,40043.023,0.0,2.325886,-1.3963754
547.0,7.1983123,4.5,99334.0,99334.0,436746.88,61012.727,0.0,2.6203835,-1.8129165
547.0,7.1983123,5.5,116511.0,116511.0,717075.3,15096.479,0.0,2.7522607,0.86014336
547.0,7.1983123,6.5,114938.0,114938.0,394269.97,46302.57,0.0,2.8476782,-2.5916693
547.0,7.1983123,7.5,114528.0,114528.0,356464.72,39650.457,0.0,-3.0328946,1.9197294
547.0,7.1983123,8.5,110586.0,110586.0,251607.12,68030.55,0.0,-2.8728077,0.16369346
547.0,7.1983123,9.5,98081.0,98081.0,323351.94,4868.508,0.0,-2.4111319,-2.1963577
547.0,7.1983123,10.5,89250.0,89250.0,208228.31,139383.88,0.0,-1.3661109,0.9583441
547.0,7.1983123,11.5,84725.0,84725.0,146010.45,117982.66,0.0,-0.274614,1.5161511
547.0,7.1983123,12.5,77764.0,77764.0,237616.55,107968.28,0.0,-0.15540898,1.6566077
547.0,7.1983123,13.5,65689.0,65689.0,350363.1,98477.805,0.0,-0.36634022,0.8238831
547.0,7.1983123,14.5,58349.0,58349.0,409623.38,75631.45,0.0,-0.4609616,0.075832576
547.0,7.1983123,15.5,45742.0,45742.0,332367.03,74707.05,0.0,-0.7154087,-0.08019601
547.0,7.1983123,16.5,32255.0,32255.0,287677.0,104844.875,0.0,-0.73969877,-0.16765165
547.0,7.1983123,17.5,23580.0,23580.0,183263.83,113539.984,0.0,-0.94755113,0.20050442
547.0,7.1983123,18.5,20100.0,20100.0,119072.016,83779.86,0.0,-1.19177,0.009531046
547.0,7.1983123,19.5,13562.0,13562.0,74769.125,47649.895,0.0,-1.5488435,-0.84051937
547.0,7.1983123,20.5,6619.0,6619.0,82570.1,49714.676,0.0,-1.9552547,-0.86842287
547.0,7.1983123,21.5,2909.0,2909.0,35979.91,14274.003,0.0,-2.0930638,0.18076645
550.0,7.1526814,0.5,0.0,0.0,0.0,0.0,0.0,0.0,0.0
550.0,7.1526814,1.5,123716.0,123716.0,889520.75,33537.16,0.0,1.0764481,2.999126
550.0,7.1526814,2.5,96891.0,96891.0,482616.75,17867.023,0.0,1.4774722,-0.8969772
550.0,7.1526814,3.5,86777.0,86777.0,342379.7,71683.94,0.0,2.3065243,1.89452
550.0,7.1526814,4.5,100971.0,100971.0,499092.56,53370.266,0.0,2.715604,0.49744126
550.0,7.1526814,5.5,118283.0,118283.0,614043.5,77973.47,0.0,2.888668,-1.8214948
550.0,7.1526814,6.5,116166.0,116166.0,424132.47,17900.293,0.0,3.0273528,-1.2687924
550.0,7.1526814,7.5,109140.0,109140.0,282224.25,21168.24,0.0,-2.863998,2.12196
550.0,7.1526814,8.5,115540.0,115540.0,337933.66,48115.34,0.0,-2.6140208,-0.4606771
550.0,7.1526814,9.5,108255.0,108255.0,270364.7,96664.29,0.0,-2.5266137,-0.9462993
550.0,7.1526814,10.5,92384.0,92384.0,185886.94,80155.58,0.0,-1.620773,-1.0228958
550.0,7.1526814,11.5,79700.0,79700.0,203852.88,34221.332,0.0,-0.75578845,-1.1774018
550.0,7.1526814,12.5,74094.0,74094.0,215721.48,56066.45,0.0,-0.428538,0.17396657
550.0,7.1526814,13.5,64480.0,64480.0,314300.5,48328.934,0.0,-0.20985608,1.1067449
550.0,7.1526814,14.5,55434.0,55434.0,406190.16,41095.03,0.0,-0.22300047,-0.073843904
550.0,7.1526814,15.5,45318.0,45318.0,333383.94,61871.67,0.0,-0.5027069,-0.061130214
550.0,7.1526814,16.5,37245.0,37245.0,309989.94,106274.27,0.0,-0.97542953,-0.5042091
550.0,7.1526814,17.5,30761.0,30761.0,248225.28,162553.95,0.0,-1.0823011,-0.5087022
550.0,7.1526814,18.5,20124.0,20124.0,160076.86,89797.58,0.0,-1.0409739,-0.030347513
550.0,7.1526814,19.5,14353.0,14353.0,105683.93,55806.55,0.0,-1.1226232,0.026732739
550.0,7.1526814,20.5,7908.0,7908.0,54149.47,40294.83,0.0,-1.8281125,-0.7518166
550.0,7.1526814,21.5,3665.0,3665.0,35394.78,16690.002,0.0,-1.4643576,-1.4398186
553.0,7.0992603,0.5,0.0,0.0,0.0,0.0,0.0,0.0,0.0
553.0,7.0992603,1.5,123325.0,123325.0,944523.9,18912.768,0.0,1.1811786,0.9879936
553.0,7.0992603,2.5,97542.0,97542.0,598613.75,18562.412,0.0,1.5436802,2.1804543
553.0,7.0992603,3.5,87050.0,87050.0,374172.22,37233.64,0.0,2.3210535,-0.08854192
553.0,7.0992603,4.5,97204.0,97204.0,381154.72,56409.75,0.0,2.886684,0.01924061
553.0,7.0992603,5.5,119448.0,119448.0,513297.53,31189.03,0.0,-3.066282,2.9278803
553.0,7.0992603,6.5,120478.0,120478.0,512301.53,79266.07,0.0,2.9729116,-0.16727109
553.0,7.0992603,7.5,112278.0,112278.0,266475.6,123195.72,0.0,-3.0722075,-1.7075672
553.0,7.0992603,8.5,109908.0,109908.0,246851.19,136396.97,0.0,-2.7889802,-0.041615974
553.0,7.0992603,9.5,106042.0,106042.0,252905.11,110738.414,0.0,-2.5932274,-1.3636193
553.0,7.0992603,10.5,99623.0,99623.0,128340.055,176726.95,0.0,-1.8059888,-1.3305118
553.0,7.0992603,11.5,87656.0,87656.0,134175.2,138249.9,0.0,-0.73281145,-0.56356156
553.0,7.0992603,12.5,78271.0,78271.0,282477.38,98144.336,0.0,-0.27768144,-0.13730131
553.0,7.0992603,13.5,66898.0,66898.0,406620.7,70683.04,0.0,-0.30748177,-2.3801208
553.0,7.0992603,14.5,51274.0,51274.0,378996.06,16970.535,0.0,-0.3770368,-2.580449
553.0,7.0992603,15.5,45078.0,45078.0,396900.8,61565.957,0.0,-0.58870786,-1.4821842
553.0,7.0992603,16.5,39361.0,39361.0,328459.66,74141.35,0.0,-0.7412803,-1.4602373
553.0,7.0992603,17.5,30914.0,30914.0,287292.25,93964.89,0.0,-1.0155163,-1.2709621
553.0,7.0992603,18.5,22319.0,22319.0,192981.64,80895.37,0.0,-1.1352476,-0.9849513
553.0,7.0992603,19.5,13950.0,13950.0,98081.164,70655.805,0.0,-1.3803207,-0.60779995
553.0,7.0992603,20.5,6962.0,6962.0,58705.984,30773.398,0.0,-1.1583382,-0.43402094
553.0,7.0992603,21.5,4077.0,4077.0,36049.605,12760.041,0.0,-1.2441535,-0.27466038
555.0,7.0755577,0.5,0.0,0.0,0.0,0.0,0.0,0.0,0.0
555.0,7.0755577,1.5,123693.0,123693.0,993074.1,16323.792,0.0,1.1865733,2.4120474
555.0,7.0755577,2.5,97050.0,97050.0,506731.97,24861.24,0.0,1.579442,2.9883776
555.0,7.0755577,3.5,88889.0,88889.0,345658.47,33256.19,0.0,2.4428048,2.3559313
555.0,7.0755577,4.5,97330.0,97330.0,461758.5,78765.97,0.0,2.8419986,-0.88707435
555.0,7.0755577,5.5,116177.0,116177.0,538021.7,30603.191,0.0,-3.109569,-1.5867295
555.0,7.0755577,6.5,118521.0,118521.0,465402.44,40490.383,0.0,3.1331673,-0.55978173
555.0,7.0755577,7.5,118538.0,118538.0,312619.84,55608.445,0.0,-2.928409,2.7920036
555.0,7.0755577,8.5,108242.0,108242.0,230202.58,67093.46,0.0,-2.9065318,-0.049317144
555.0,7.0755577,9.5,102363.0,102363.0,191880.16,87187.39,0.0,-2.8110662,-1.6735991
555.0,7.0755577,10.5,101812.0,101812.0,143564.23,234431.94,0.0,-1.8645395,-1.8317529
555.0,7.0755577,11.5,90113.0,90113.0,108653.055,185344.12,0.0,-0.5712266,-1.4102094
555.0,7.0755577,12.5,79740.0,79740.0,280613.5,184884.89,0.0,-0.23203829,-0.80880624
555.0,7.0755577,13.5,66157.0,66157.0,414987.8,103941.85,0.0,-0.41234976,-1.5770797
555.0,7.0755577,14.5,51561.0,51561.0,424053.97,60903.887,0.0,-0.3546846,-2.0471792
555.0,7.0755577,15.5,44850.0,44850.0,354199.3,32568.135,0.0,-0.527951,-0.97421926
555.0,7.0755577,16.5,39137.0,39137.0,314651.3,63307.582,0.0,-0.7827253,-2.3657339
555.0,7.0755577,17.5,30107.0,30107.0,264804.75,63002.72,0.0,-0.9943381,-1.9894768
555.0,7.0755577,18.5,22206.0,22206.0,208646.17,47911.01,0.0,-1.1201563,-1.33833
555.0,7.0755577,19.5,14552.0,14552.0,120894.08,54217.51,0.0,-1.3063568,-0.7600946
555.0,7.0755577,20.5,7057.0,7057.0,61349.367,24605.436,0.0,-1.3212122,-0.43237615
555.0,7.0755577,21.5,4242.0,4242.0,49186.04,21024.205,0.0,-1.2597653,-0.46359664
557.0,7.0397644,0.5,0.0,0.0,0.0,0.0,0.0,0.0,0.0
557.0,7.0397644,1.5,123801.0,123801.0,964339.44,14303.869,0.0,1.1088051,-2.7717357
557.0,7.0397644,2.5,96805.0,96805.0,467906.2,63474.09,0.0,1.4876592,1.9725372
557.0,7.0397644,3.5,90913.0,90913.0,339986.72,45823.402,0.0,2.4460547,-1.1289473
557.0,7.0397644,4.5,99325.0,99325.0,461091.25,89546.86,0.0,2.9204447,-0.81817913
557.0,7.0397644,5.5,120043.0,120043.0,558303.06,83474.11,0.0,3.0833569,-3.1206596
557.0,7.0397644,6.5,117424.0,117424.0,418643.4,105700.62,0.0,3.1253204,-1.8444318
557.0,7.0397644,7.5,115990.0,115990.0,234732.03,85908.086,0.0,-2.947863,-1.5544903
557.0,7.0397644,8.5,109754.0,109754.0,255758.9,81598.23,0.0,-2.6957698,-1.9331058
557.0,7.0397644,9.5,100139.0,100139.0,148287.9,103147.13,0.0,-2.3873067,-1.1331816
557.0,7.0397644,10.5,99973.0,99973.0,121095.79,170895.55,0.0,-1.9494972,-1.8842248
557.0,7.0397644,11.5,96358.0,96358.0,227456.75,271491.97,0.0,-1.129623,-1.8612337
557.0,7.0397644,12.5,81637.0,81637.0,325138.4,234116.69,0.0,-0.46584526,-1.9802248
557.0,7.0397644,13.5,68339.0,68339.0,343382.44,159258.84,0.0,-0.2580505,-1.9506246
557.0,7.0397644,14.5,52543.0,52543.0,311975.72,90912.41,0.0,-0.21638165,-2.9393375
557.0,7.0397644,15.5,44628.0,44628.0,315952.1,37332.195,0.0,-0.5471566,-2.5420823
557.0,7.0397644,16.5,35881.0,35881.0,296652.34,43526.28,0.0,-0.65652823,-2.5562506
557.0,7.0397644,17.5,30134.0,30134.0,299475.56,46888.164,0.0,-0.87088835,2.5350943
557.0,7.0397644,18.5,22335.0,22335.0,231699.97,39566.965,0.0,-1.0482336,2.2527974
557.0,7.0397644,19.5,13730.0,13730.0,150609.81,20045.941,0.0,-1.2968427,0.08632152
557.0,7.0397644,20.5,7825.0,7825.0,89453.95,26222.924,0.0,-1.6293037,-0.5161041
557.0,7.0397644,21.5,4342.0,4342.0,48573.79,28179.691,0.0,-1.7810514,-1.0544294
560.0,6.986751,0.5,0.0,0.0,0.0,0.0,0.0,0.0,0.0
560.0,6.986751,1.5,123150.0,123150.0,945070.25,68399.31,0.0,1.1901945,-2.378024
560.0,6.986751,2.5,97367.0,97367.0,419331.4,31833.203,0.0,1.5553799,-1.2194415
560.0,6.986751,3.5,90695.0,90695.0,256267.34,15414.832,0.0,2.4846256,0.10803395
560.0,6.986751,4.5,99362.0,99362.0,446377.78,45747.4,0.0,2.8612552,-2.901562
560.0,6.986751,5.5,119674.0,119674.0,546607.0,90626.67,0.0,3.0910203,3.0816536
560.0,6.986751,6.5,121929.0,121929.0,539663.5,90832.45,0.0,-3.0782704,2.973661
560.0,6.986751,7.5,108724.0,108724.0,265022.62,31359.865,0.0,-3.0174422,-1.3163557
560.0,6.986751,8.5,108874.0,108874.0,201099.03,106349.32,0.0,-2.335392,-3.0493503
560.0,6.986751,9.5,106661.0,106661.0,226695.47,150312.62,0.0,-2.3235583,-2.544552
560.0,6.986751,10.5,99579.0,99579.0,116655.41,199205.55,0.0,-2.8547242,-2.547326
560.0,6.986751,11.5,93213.0,93213.0,122021.92,136612.4,0.0,0.3192962,-2.692874
560.0,6.986751,12.5,83426.0,83426.0,211288.55,116670.33,0.0,0.30943346,-2.4941306
560.0,6.986751,13.5,73864.0,73864.0,274104.75,131181.81,0.0,-0.23552525,-2.885881
560.0,6.986751,14.5,58079.0,58079.0,279780.03,62825.027,0.0,-0.2649946,2.7552092
560.0,6.986751,15.5,46315.0,46315.0,307860.6,68803.49,0.0,-0.47605276,3.088401
560.0,6.986751,16.5,35303.0,35303.0,328689.9,78730.695,0.0,-0.7056597,2.9736183
560.0,6.986751,17.5,27249.0,27249.0,253014.75,71815.76,0.0,-0.9047219,-3.0955012
560.0,6.986751,18.5,19353.0,19353.0,167038.34,24832.125,0.0,-1.0887872,-2.983327
560.0,6.986751,19.5,12290.0,12290.0,118852.12,13551.411,0.0,-1.5262446,-1.06644
560.0,6.986751,20.5,7336.0,7336.0,93657.9,45377.934,0.0,-1.753939,-1.0113486
560.0,6.986751,21.5,4729.0,4729.0,56297.22,29346.014,0.0,-1.7720696,-0.52330387
563.0,6.9439096,0.5,0.0,0.0,0.0,0.0,0.0,0.0,0.0
563.0,6.9439096,1.5,122362.0,122362.0,880740.1,39672.56,0.0,1.1893337,0.27300954
563.0,6.9439096,2.5,95921.0,95921.0,412058.94,32455.107,0.0,1.4388283,-0.989493
563.0,6.9439096,3.5,86640.0,86640.0,183341.42,45451.387,0.0,2.344361,1.1100137
563.0,6.9439096,4.5,100185.0,100185.0,320983.34,39435.11,0.0,2.9684165,1.967451
563.0,6.9439096,5.5,119369.0,119369.0,464563.44,35056.41,0.0,-3.0151644,1.1290014
563.0,6.9439096,6.5,121027.0,121027.0,488428.94,76730.125,0.0,-3.107943,2.107667
563.0,6.9439096,7.5,118054.0,118054.0,356111.03,108224.98,0.0,-2.870307,2.8477972
563.0,6.9439096,8.5,115443.0,115443.0,264452.6,126922.586,0.0,-2.0795276,3.0624223
563.0,6.9439096,9.5,105411.0,105411.0,160073.02,126125.84,0.0,-2.4735012,3.0859373
563.0,6.9439096,10.5,93479.0,93479.0,36921.273,166629.05,0.0,-2.4344225,-2.9879553
563.0,6.9439096,11.5,86552.0,86552.0,146451.92,127796.73,0.0,0.04735303,-3.0261276
563.0,6.9439096,12.5,82120.0,82120.0,278187.9,93809.21,0.0,-0.0097866785,-2.8097355
563.0,6.9439096,13.5,76069.0,76069.0,292943.0,105888.305,0.0,0.09074792,-2.6071885
563.0,6.9439096,14.5,61839.0,61839.0,297533.2,93019.1,0.0,-0.085001245,-3.0975163
563.0,6.9439096,15.5,48081.0,48081.0,261327.73,126778.46,0.0,-0.3166321,2.8915253
563.0,6.9439096,16.5,36252.0,36252.0,313920.34,106827.58,0.0,-0.45719832,2.738262
563.0,6.9439096,17.5,26380.0,26380.0,223239.14,104198.89,0.0,-0.81528485,2.7460852
563.0,6.9439096,18.5,19218.0,19218.0,185066.48,62644.297,0.0,-0.9739592,2.9310029
563.0,6.9439096,19.5,11693.0,11693.0,88164.96,47439.56,0.0,-1.2063378,-2.417962
563.0,6.9439096,20.5,6084.0,6084.0,57131.26,27841.549,0.0,-1.7055286,-1.7418327
563.0,6.9439096,21.5,3961.0,3961.0,51803.316,38639.156,0.0,-1.8965586,-1.2758504
565.0,6.8993,0.5,0.0,0.0,0.0,0.0,0.0,0.0,0.0
565.0,6.8993,1.5,122924.0,122924.0,874086.4,54391.22,0.0,1.1409872,-2.9131937
565.0,6.8993,2.5,98108.0,98108.0,424059.25,43072.203,0.0,1.3919662,-0.08673554
565.0,6.8993,3.5,86674.0,86674.0,221113.28,44322.31,0.0,2.3423367,-2.8612876
565.0,6.8993,4.5,99473.0,99473.0,335738.66,66249.695,0.0,3.0033617,-2.7868516
565.0,6.8993,5.5,122290.0,122290.0,537182.5,37113.883,0.0,3.0211375,-0.24977697
565.0,6.8993,6.5,121128.0,121128.0,445879.5,37340.32,0.0,-3.1072488,2.8681777
565.0,6.8993,7.5,118811.0,118811.0,315154.66,51242.17,0.0,-3.1295676,0.6681623
565.0,6.8993,8.5,112632.0,112632.0,172736.69,84869.62,0.0,-2.4572382,2.8668094
565.0,6.8993,9.5,107762.0,107762.0,252379.48,39611.51,0.0,-1.9981754,1.4076128
565.0,6.8993,10.5,97156.0,97156.0,72994.414,64153.06,0.0,-2.3411462,2.3603747
565.0,6.8993,11.5,85408.0,85408.0,125045.516,102096.26,0.0,-0.09530205,2.7582238
565.0,6.8993,12.5,78293.0,78293.0,226015.69,104202.8,0.0,-0.07529281,3.0156255
565.0,6.8993,13.5,76319.0,76319.0,293182.6,130313.516,0.0,-0.18647726,2.571856
565.0,6.8993,14.5,65031.0,65031.0,296939.38,146161.66,0.0,-0.2586619,2.3398378
565.0,6.8993,15.5,46857.0,46857.0,280442.66,132293.22,0.0,-0.21447808,2.6332989
565.0,6.8993,16.5,35467.0,35467.0,311177.25,158833.34,0.0,-0.30445012,2.3889658
565.0,6.8993,17.5,25644.0,25644.0,275582.66,96762.04,0.0,-0.3808622,2.7442093
565.0,6.8993,18.5,19534.0,19534.0,176283.17,83570.03,0.0,-0.76526856,2.7334993
565.0,6.8993,19.5,13405.0,13405.0,100654.84,58199.28,0.0,-1.0464653,2.7577722
565.0,6.8993,20.5,6860.0,6860.0,63316.0,37231.387,0.0,-1.3284622,2.944069
565.0,6.8993,21.5,3803.0,3803.0,38983.023,19822.02,0.0,-1.528921,-3.0100634
567.0,6.866292,0.5,0.0,0.0,0.0,0.0,0.0,0.0,0.0
567.0,6.866292,1.5,123274.0,123274.0,894901.44,32244.951,0.0,1.1043509,-0.972523
567.0,6.866292,2.5,97615.0,97615.0,441889.03,18584.219,0.0,1.3134534,-2.7567496
567.0,6.866292,3.5,88762.0,88762.0,222929.86,27228.055,0.0,2.074459,-0.89939207
567.0,6.866292,4.5,101310.0,101310.0,325573.97,39334.918,0.0,3.0553308,-3.0720277
567.0,6.866292,5.5,124300.0,124300.0,431442.5,21077.553,0.0,3.1194384,-0.70620906
567.0,6.866292,6.5,122942.0,122942.0,391877.66,27105.316,0.0,-3.0110066,0.5756892
567.0,6.866292,7.5,116084.0,116084.0,291439.8,79089.16,0.0,3.0551205,1.2039726
567.0,6.866292,8.5,112020.0,112020.0,191366.86,93646.63,0.0,-2.240066,1.3704339
567.0,6.866292,9.5,106849.0,106849.0,260647.12,43278.035,0.0,-2.0873928,1.9636511
567.0,6.866292,10.5,100568.0,100568.0,133293.95,62541.26,0.0,-2.5162055,0.66990805
567.0,6.866292,11.5,89643.0,89643.0,72572.74,63465.637,0.0,-0.5914118,2.1525252
567.0,6.866292,12.5,80665.0,80665.0,231508.03,122334.13,0.0,-0.21491794,2.7895358
567.0,6.866292,13.5,72894.0,72894.0,261812.72,126193.8,0.0,-0.11116146,2.3945143
567.0,6.866292,14.5,62933.0,62933.0,275292.03,115936.04,0.0,-0.23290652,1.7143062
567.0,6.866292,15.5,46997.0,46997.0,296046.78,152287.72,0.0,-0.2850845,2.2670155
567.0,6.866292,16.5,36258.0,36258.0,309145.16,145764.28,0.0,-0.2923349,2.183926
567.0,6.866292,17.5,27024.0,27024.0,261957.81,102487.125,0.0,-0.32103077,2.0647316
567.0,6.866292,18.5,20734.0,20734.0,183901.02,56094.75,0.0,-0.6085172,2.8472154
567.0,6.866292,19.5,13374.0,13374.0,121206.2,80907.93,0.0,-0.90457416,2.6779828
567.0,6.866292,20.5,7024.0,7024.0,59052.23,45163.14,0.0,-1.2358593,2.5209222
567.0,6.866292,21.5,3598.0,3598.0,37193.785,24449.842,0.0,-1.403755,2.369197
570.0,6.816365,0.5,0.0,0.0,0.0,0.0,0.0,0.0,0.0
570.0,6.816365,1.5,123266.0,123266.0,847046.25,47159.848,0.0,1.1347804,2.737858
570.0,6.816365,2.5,97487.0,97487.0,453631.9,22294.387,0.0,1.3983644,2.4627252
570.0,6.816365,3.5,90243.0,90243.0,278688.53,19249.148,0.0,1.9688923,2.9668038
570.0,6.816365,4.5,97550.0,97550.0,381638.75,24976.77,0.0,2.8231943,-0.23793183
570.0,6.816365,5.5,121816.0,121816.0,451400.03,33079.5,0.0,3.102368,3.1005397
570.0,6.816365,6.5,124074.0,124074.0,382324.12,35496.234,0.0,-3.0561187,-1.1043988
570.0,6.816365,7.5,118214.0,118214.0,252792.95,67071.11,0.0,-2.9546995,0.0879232
570.0,6.816365,8.5,113316.0,113316.0,110105.52,109555.81,0.0,-2.8246646,0.08730436
570.0,6.816365,9.5,109944.0,109944.0,134768.48,87239.59,0.0,-2.3612974,1.0575485
570.0,6.816365,10.5,106246.0,106246.0,182477.34,34704.56,0.0,-2.3339334,-1.2765126
570.0,6.816365,11.5,92264.0,92264.0,69284.555,64755.9,0.0,-2.1856456,1.4603591
570.0,6.816365,12.5,80923.0,80923.0,164705.52,107130.445,0.0,0.10712846,2.04068
570.0,6.816365,13.5,72948.0,72948.0,279679.12,60137.71,0.0,-0.43919536,3.0979247
570.0,6.816365,14.5,62342.0,62342.0,330334.2,122966.36,0.0,0.03384603,1.0554264
570.0,6.816365,15.5,51512.0,51512.0,353128.6,166502.58,0.0,-0.12950903,0.9605606
570.0,6.816365,16.5,40920.0,40920.0,353800.12,118334.54,0.0,-0.43617,1.3939129
570.0,6.816365,17.5,32398.0,32398.0,343076.88,138285.97,0.0,-0.6590334,1.4750141
570.0,6.816365,18.5,21971.0,21971.0,222826.17,58594.7,0.0,-0.8435197,2.4247732
570.0,6.816365,19.5,14485.0,14485.0,119567.09,90333.87,0.0,-1.233544,2.4523878
570.0,6.816365,20.5,6799.0,6799.0,59561.332,53428.055,0.0,-1.2725787,2.2476633
570.0,6.816365,21.5,2884.0,2884.0,24588.168,19570.912,0.0,-1.4133526,2.6327915
573.0,6.7793994,0.5,0.0,0.0,0.0,0.0,0.0,0.0,0.0
573.0,6.7793994,1.5,124024.0,124024.0,903887.06,32441.834,0.0,1.2194906,-1.351114
573.0,6.7793994,2.5,99237.0,99237.0,509597.66,57095.656,0.0,1.509422,-1.9273723
573.0,6.7793994,3.5,93350.0,93350.0,337225.12,37037.387,0.0,2.0144346,1.5552956
573.0,6.7793994,4.5,99494.0,99494.0,351576.3,44573.812,0.0,2.7907858,-2.0029554
573.0,6.7793994,5.5,123624.0,123624.0,533139.44,57897.395,0.0,-3.0185359,-1.7257657
573.0,6.7793994,6.5,121346.0,121346.0,451807.22,42788.43,0.0,-2.8580883,-1.3884828
573.0,6.7793994,7.5,114361.0,114361.0,263896.3,103751.24,0.0,-2.7656112,-0.598744
573.0,6.7793994,8.5,112915.0,112915.0,163254.5,142342.12,0.0,-2.2860882,-0.0028032127
573.0,6.7793994,9.5,108310.0,108310.0,200081.28,97842.81,0.0,-2.1095705,0.30049676
573.0,6.7793994,10.5,102151.0,102151.0,171295.66,109810.48,0.0,-2.2988815,0.07362133
573.0,6.7793994,11.5,94357.0,94357.0,95104.875,97801.14,0.0,3.1204872,0.5097083
573.0,6.7793994,12.5,80160.0,80160.0,95390.1,122366.52,0.0,-0.124774925,1.3756297
573.0,6.7793994,13.5,70929.0,70929.0,250245.64,53229.035,0.0,-0.30717486,0.7318346
573.0,6.7793994,14.5,61459.0,61459.0,362995.72,95608.38,0.0,-0.1569189,0.11894538
573.0,6.7793994,15.5,60148.0,60148.0,371924.53,123291.64,0.0,-0.22215407,1.1459286
573.0,6.7793994,16.5,42543.0,42543.0,311708.72,63164.715,0.0,-0.34976354,1.1107967
573.0,6.7793994,17.5,30602.0,30602.0,206380.11,19243.504,0.0,-0.5322324,1.5765613
573.0,6.7793994,18.5,20922.0,20922.0,168524.9,55287.227,0.0,-0.97166854,2.4443803
573.0,6.7793994,19.5,13286.0,13286.0,145482.44,107568.19,0.0,-1.4773167,2.4109445
573.0,6.7793994,20.5,7553.0,7553.0,70143.63,67807.73,0.0,-1.6460094,2.1563327
573.0,6.7793994,21.5,3520.0,3520.0,28444.562,17941.977,0.0,-1.4703064,2.326901
575.0,6.742137,0.5,0.0,0.0,0.0,0.0,0.0,0.0,0.0
575.0,6.742137,1.5,122314.0,122314.0,833993.6,41018.297,0.0,1.1351272,-0.51519835
575.0,6.742137,2.5,98648.0,98648.0,458565.0,9312.874,0.0,1.5172343,1.0992851
575.0,6.742137,3.5,93799.0,93799.0,272114.06,40572.094,0.0,1.9913378,1.3772987
575.0,6.742137,4.5,105135.0,105135.0,366072.62,58252.375,0.0,2.8823657,2.6372893
575.0,6.742137,5.5,126857.0,126857.0,454732.88,165682.25,0.0,3.078695,-2.1421185
575.0,6.742137,6.5,126643.0,126643.0,447627.06,41208.133,0.0,-2.9572248,-2.0064983
575.0,6.742137,7.5,116107.0,116107.0,328082.97,52932.223,0.0,-2.9447482,-1.9779972
575.0,6.742137,8.5,113366.0,113366.0,240526.42,153004.95,0.0,-2.7951734,-0.8894985
575.0,6.742137,9.5,107568.0,107568.0,169391.12,114272.49,0.0,-2.2494857,-0.4273621
575.0,6.742137,10.5,96466.0,96466.0,147883.28,74744.15,0.0,-2.4952793,-0.40472683
575.0,6.742137,11.5,92074.0,92074.0,137556.05,32014.777,0.0,-3.0323856,-1.2976505
575.0,6.742137,12.5,83136.0,83136.0,61958.047,72879.06,0.0,-0.21513733,0.6943789
575.0,6.742137,13.5,77117.0,77117.0,206478.16,143696.22,0.0,-0.030376745,0.63943
575.0,6.742137,14.5,62794.0,62794.0,309590.84,85261.7,0.0,-0.09693677,0.26759285
575.0,6.742137,15.5,51090.0,51090.0,341375.8,36052.168,0.0,-0.19503415,0.4175581
575.0,6.742137,16.5,43223.0,43223.0,316529.3,55744.996,0.0,-0.22818635,1.3692944
575.0,6.742137,17.5,30610.0,30610.0,204344.47,14120.347,0.0,-0.5735296,-1.6160288
575.0,6.742137,18.5,20836.0,20836.0,152814.0,35785.82,0.0,-0.87313753,2.7090743
575.0,6.742137,19.5,12424.0,12424.0,100468.46,73996.42,0.0,-1.5595521,2.4364042
575.0,6.742137,20.5,7494.0,7494.0,80623.28,60880.113,0.0,-1.7673105,2.3441374
575.0,6.742137,21.5,4077.0,4077.0,43053.54,26284.7,0.0,-1.9116313,2.103651
577.0,6.7130775,0.5,0.0,0.0,0.0,0.0,0.0,0.0,0.0
577.0,6.7130775,1.5,123527.0,123527.0,839164.9,32550.246,0.0,1.0298722,-2.3400884
577.0,6.7130775,2.5,99703.0,99703.0,487194.8,20211.732,0.0,1.635616,-1.1504041
577.0,6.7130775,3.5,91631.0,91631.0,312120.1,69296.49,0.0,2.2870297,1.2445034
577.0,6.7130775,4.5,102440.0,102440.0,312801.12,110492.2,0.0,3.0307686,2.535735
577.0,6.7130775,5.5,128435.0,128435.0,500135.66,102406.85,0.0,-3.0914276,-3.1036468
577.0,6.7130775,6.5,128136.0,128136.0,497302.3,131350.06,0.0,-2.9500089,-3.0979538
577.0,6.7130775,7.5,120510.0,120510.0,280597.1,88858.28,0.0,-2.9332292,-2.292141
577.0,6.7130775,8.5,117200.0,117200.0,141376.06,117729.016,0.0,-2.9861171,-1.5411061
577.0,6.7130775,9.5,104130.0,104130.0,135386.89,58213.36,0.0,-1.635572,-0.012395801
577.0,6.7130775,10.5,97425.0,97425.0,70014.92,107556.12,0.0,-1.9696542,-0.26108408
577.0,6.7130775,11.5,92810.0,92810.0,87378.94,87652.086,0.0,1.8138881,0.24312778
577.0,6.7130775,12.5,87920.0,87920.0,80629.26,105056.695,0.0,0.62397444,0.12680796
577.0,6.7130775,13.5,76224.0,76224.0,197357.77,199913.5,0.0,0.32628655,0.23751476
577.0,6.7130775,14.5,61885.0,61885.0,267804.6,128682.97,0.0,0.060351077,-0.17813568
577.0,6.7130775,15.5,52149.0,52149.0,380581.8,111376.914,0.0,-0.3450102,-0.23822132
577.0,6.7130775,16.5,38826.0,38826.0,303336.9,23414.84,0.0,-0.34475607,1.4826511
577.0,6.7130775,17.5,28703.0,28703.0,210655.72,20816.184,0.0,-0.4682663,-2.679738
577.0,6.7130775,18.5,20107.0,20107.0,144377.02,36911.156,0.0,-0.62223667,-2.9345803
577.0,6.7130775,19.5,13194.0,13194.0,87661.38,65016.074,0.0,-1.181918,2.6885412
577.0,6.7130775,20.5,7647.0,7647.0,72251.734,53559.863,0.0,-1.7025609,2.3874457
577.0,6.7130775,21.5,4738.0,4738.0,44247.15,27783.719,0.0,-1.8889198,2.3958006
580.0,6.660059,0.5,0.0,0.0,0.0,0.0,0.0,0.0,0.0
580.0,6.660059,1.5,122779.0,122779.0,874936.7,82524.46,0.0,1.0886929,0.45692673
580.0,6.660059,2.5,100287.0,100287.0,407703.44,1390.4883,0.0,1.7346976,-0.13955499
580.0,6.660059,3.5,90390.0,90390.0,277404.84,53149.676,0.0,2.3014545,-2.2736611
580.0,6.660059,4.5,105763.0,105763.0,341178.06,110752.81,0.0,2.9437494,0.43590933
580.0,6.660059,5.5,128917.0,128917.0,379051.1,72261.72,0.0,-3.1080978,0.66787934
580.0,6.660059,6.5,125818.0,125818.0,346575.25,52965.746,0.0,3.0550168,2.1158314
580.0,6.660059,7.5,120282.0,120282.0,292795.9,141613.42,0.0,-2.9328578,-2.9927547
580.0,6.660059,8.5,116959.0,116959.0,175268.53,140864.98,0.0,-2.3492267,-2.8358672
580.0,6.660059,9.5,111399.0,111399.0,230310.38,109500.92,0.0,-1.9867073,-2.359958
580.0,6.660059,10.5,104129.0,104129.0,205519.28,84684.87,0.0,-1.8578224,-0.9722527
580.0,6.660059,11.5,93229.0,93229.0,39486.992,154145.2,0.0,0.25582004,-0.66572154
580.0,6.660059,12.5,87267.0,87267.0,183755.72,216670.83,0.0,0.5904715,-0.948944
580.0,6.660059,13.5,78400.0,78400.0,243652.5,223931.03,0.0,0.2261726,-0.98476905
580.0,6.660059,14.5,62719.0,62719.0,293249.5,215583.95,0.0,-0.15413833,-0.99554247
580.0,6.660059,15.5,50060.0,50060.0,391959.3,193223.23,0.0,-0.21568756,-0.7006741
580.0,6.660059,16.5,42577.0,42577.0,389613.5,117209.664,0.0,-0.3540422,-1.0054374
580.0,6.660059,17.5,30056.0,30056.0,301519.03,71003.97,0.0,-0.44988137,-2.2908564
580.0,6.660059,18.5,16948.0,16948.0,153460.89,43101.348,0.0,-0.42328957,-2.5630438
580.0,6.660059,19.5,11704.0,11704.0,107150.414,48543.383,0.0,-0.5331472,2.9998975
580.0,6.660059,20.5,8934.0,8934.0,84956.97,61647.402,0.0,-0.8753399,2.730591
580.0,6.660059,21.5,4568.0,4568.0,52699.22,38720.44,0.0,-1.4125581,2.3524423
583.0,6.613863,0.5,0.0,0.0,0.0,0.0,0.0,0.0,0.0
583.0,6.613863,1.5,122791.0,122791.0,859461.2,42670.562,0.0,1.0640023,-2.6232889
583.0,6.613863,2.5,99268.0,99268.0,326001.47,19670.479,0.0,1.8038927,1.7989136
583.0,6.613863,3.5,92044.0,92044.0,318167.9,85450.23,0.0,2.6821702,-3.032274
583.0,6.613863,4.5,101502.0,101502.0,317195.44,96359.484,0.0,3.0931034,-1.6428947
583.0,6.613863,5.5,127936.0,127936.0,440583.84,142021.05,0.0,-2.8354316,0.18217428
583.0,6.613863,6.5,128575.0,128575.0,405574.22,73211.38,0.0,-2.9360602,0.82625467
583.0,6.613863,7.5,118368.0,118368.0,199146.4,35673.746,0.0,-2.8808832,2.2549834
583.0,6.613863,8.5,114789.0,114789.0,105787.46,105216.64,0.0,-3.115003,2.8476822
583.0,6.613863,9.5,114361.0,114361.0,173676.8,25428.516,0.0,-1.6303214,2.6256175
583.0,6.613863,10.5,108332.0,108332.0,206248.97,30666.762,0.0,-2.0353684,0.010754618
583.0,6.613863,11.5,95598.0,95598.0,56307.684,98502.17,0.0,-1.271871,-0.015616782
583.0,6.613863,12.5,83667.0,83667.0,76500.68,100778.11,0.0,1.0186011,-1.3567697
583.0,6.613863,13.5,75043.0,75043.0,152570.95,171327.12,0.0,0.13206163,-1.4787768
583.0,6.613863,14.5,64773.0,64773.0,303855.62,222777.03,0.0,-0.25696486,-1.3021376
583.0,6.613863,15.5,53816.0,53816.0,387386.72,253065.5,0.0,-0.28738475,-1.3474709
583.0,6.613863,16.5,43954.0,43954.0,347098.12,138119.53,0.0,-0.40937573,-1.4830134
583.0,6.613863,17.5,29604.0,29604.0,308555.75,47021.4,0.0,-0.581097,-2.0086107
583.0,6.613863,18.5,20071.0,20071.0,214377.98,88559.24,0.0,-0.630853,-2.5181334
583.0,6.613863,19.5,12623.0,12623.0,169429.38,83303.484,0.0,-0.4081416,-2.9057033
583.0,6.613863,20.5,7945.0,7945.0,85942.35,57641.824,0.0,-0.8083148,2.546537
583.0,6.613863,21.5,5411.0,5411.0,58861.84,36858.22,0.0,-1.2422668,2.5651052
585.0,6.57323,0.5,0.0,0.0,0.0,0.0,0.0,0.0,0.0
585.0,6.57323,1.5,122966.0,122966.0,821234.75,24528.014,0.0,1.090878,1.4239254
585.0,6.57323,2.5,99515.0,99515.0,301320.03,12264.912,0.0,1.4773839,-2.439729
585.0,6.57323,3.5,96447.0,96447.0,302555.16,33665.434,0.0,2.6650667,-2.6945817
585.0,6.57323,4.5,102525.0,102525.0,372203.0,33537.918,0.0,3.1346645,-1.9997332
585.0,6.57323,5.5,129704.0,129704.0,532657.06,97013.49,0.0,-3.0580025,-2.3624597
585.0,6.57323,6.5,126752.0,126752.0,456976.8,60171.895,0.0,-2.776593,-0.035363227
585.0,6.57323,7.5,120689.0,120689.0,246287.17,81415.62,0.0,-3.0284193,0.53371257
585.0,6.57323,8.5,116283.0,116283.0,89959.05,167384.14,0.0,-2.1109252,1.8647466
585.0,6.57323,9.5,110471.0,110471.0,112834.97,38866.93,0.0,-1.6654574,1.949781
585.0,6.57323,10.5,104699.0,104699.0,119876.09,33225.223,0.0,-1.3717598,0.94114774
585.0,6.57323,11.5,96709.0,96709.0,85996.95,104804.75,0.0,-1.4641213,-0.56476885
585.0,6.57323,12.5,84604.0,84604.0,38976.94,112679.64,0.0,0.6157825,-1.6168567
585.0,6.57323,13.5,78474.0,78474.0,113283.664,172836.42,0.0,0.07054191,-1.6026715
585.0,6.57323,14.5,62010.0,62010.0,221171.56,176491.25,0.0,-0.07332789,-1.7760642
585.0,6.57323,15.5,49210.0,49210.0,248984.47,162878.03,0.0,-0.067608975,-1.7149897
585.0,6.57323,16.5,44294.0,44294.0,321905.4,178589.89,0.0,-0.45508048,-1.7352029
585.0,6.57323,17.5,32827.0,32827.0,276425.6,94904.02,0.0,-0.598545,-1.4308786
585.0,6.57323,18.5,22452.0,22452.0,230872.97,43275.527,0.0,-0.7232345,-3.1204948
585.0,6.57323,19.5,14187.0,14187.0,176669.61,78792.82,0.0,-0.6936691,-2.91262
585.0,6.57323,20.5,7867.0,7867.0,98573.61,58484.637,0.0,-0.6853336,3.0657578
585.0,6.57323,21.5,5451.0,5451.0,51629.047,42250.023,0.0,-1.2105494,2.2250519
587.0,6.5393767,0.5,0.0,0.0,0.0,0.0,0.0,0.0,0.0
587.0,6.5393767,1.5,123392.0,123392.0,793241.4,49852.043,0.0,0.9993425,1.8110824
587.0,6.5393767,2.5,100663.0,100663.0,327559.66,51565.215,0.0,1.2182529,-2.502202
587.0,6.5393767,3.5,95083.0,95083.0,207138.6,27702.625,0.0,2.7743545,0.49585116
587.0,6.5393767,4.5,104815.0,104815.0,349391.84,57741.363,0.0,2.7912982,0.8402928
587.0,6.5393767,5.5,127461.0,127461.0,481453.8,20013.447,0.0,-3.04532,-2.5779889
587.0,6.5393767,6.5,129800.0,129800.0,495011.34,71785.32,0.0,-3.001384,-2.5522635
587.0,6.5393767,7.5,119444.0,119444.0,310816.88,78223.44,0.0,-2.7204096,0.33298096
587.0,6.5393767,8.5,117192.0,117192.0,128930.96,91972.8,0.0,-2.8594732,0.3751069
587.0,6.5393767,9.5,110308.0,110308.0,160266.42,19766.99,0.0,-0.8408776,1.7569237
587.0,6.5393767,10.5,99980.0,99980.0,91891.72,66597.48,0.0,-1.0675182,1.9421366
587.0,6.5393767,11.5,95576.0,95576.0,122313.23,97277.08,0.0,-1.2099053,3.0671794
587.0,6.5393767,12.5,89061.0,89061.0,110486.95,107156.22,0.0,0.4531278,-2.1097724
587.0,6.5393767,13.5,75568.0,75568.0,106668.35,171563.88,0.0,0.49397793,-2.3326833
587.0,6.5393767,14.5,63652.0,63652.0,183217.14,166555.67,0.0,0.10950245,-2.1284876
587.0,6.5393767,15.5,48066.0,48066.0,163131.97,135202.48,0.0,0.27923772,-1.6963749
587.0,6.5393767,16.5,41159.0,41159.0,208332.67,146642.38,0.0,-0.16754276,-1.6010545
587.0,6.5393767,17.5,33948.0,33948.0,209405.38,88322.03,0.0,-0.42256364,-1.6865726
587.0,6.5393767,18.5,24772.0,24772.0,213210.11,78087.71,0.0,-0.79333234,-1.9930041
587.0,6.5393767,19.5,15577.0,15577.0,195021.42,85909.945,0.0,-0.93513006,-2.9859433
587.0,6.5393767,20.5,8572.0,8572.0,94500.08,41531.484,0.0,-0.75967234,2.944424
587.0,6.5393767,21.5,5094.0,5094.0,38222.375,35434.277,0.0,-0.9380169,1.8763891
590.0,6.4892955,0.5,0.0,0.0,0.0,0.0,0.0,0.0,0.0
590.0,6.4892955,1.5,122162.0,122162.0,768162.56,24083.78,0.0,1.1118939,-2.5102963
590.0,6.4892955,2.5,99531.0,99531.0,387836.4,23558.787,0.0,1.3669764,-0.73837954
590.0,6.4892955,3.5,94420.0,94420.0,173756.75,29575.688,0.0,2.4739585,-1.0250841
590.0,6.4892955,4.5,106460.0,106460.0,331606.0,61086.438,0.0,-3.1218524,0.6401588
590.0,6.4892955,5.5,129918.0,129918.0,428641.16,86167.625,0.0,-3.0098324,-2.3087344
590.0,6.4892955,6.5,127523.0,127523.0,568834.56,98237.48,0.0,-3.1321454,-2.9511507
590.0,6.4892955,7.5,120420.0,120420.0,403121.8,35753.484,0.0,-3.1165593,1.5274099
590.0,6.4892955,8.5,117601.0,117601.0,207363.8,97979.74,0.0,-2.9293628,-0.269859
590.0,6.4892955,9.5,109982.0,109982.0,159565.38,18215.643,0.0,-1.7188745,-0.74192184
590.0,6.4892955,10.5,101074.0,101074.0,197701.55,33451.176,0.0,-1.4407514,2.0158281
590.0,6.4892955,11.5,94502.0,94502.0,228206.81,73999.875,0.0,-1.4294442,1.5709983
590.0,6.4892955,12.5,85139.0,85139.0,151005.6,122566.89,0.0,-0.6663505,2.1052248
590.0,6.4892955,13.5,75509.0,75509.0,213394.64,166410.7,0.0,0.32526293,2.9400554
590.0,6.4892955,14.5,65100.0,65100.0,219648.95,130481.98,0.0,0.6099813,-2.7872124
590.0,6.4892955,15.5,53499.0,53499.0,207422.86,176236.81,0.0,0.6466131,-2.3684375
590.0,6.4892955,16.5,42980.0,42980.0,160638.14,128722.46,0.0,0.372693,-2.1571946
590.0,6.4892955,17.5,33977.0,33977.0,170805.75,97120.125,0.0,0.04209873,-1.6749576
590.0,6.4892955,18.5,22590.0,22590.0,137483.31,62472.703,0.0,-0.66268146,-1.7358896
590.0,6.4892955,19.5,15020.0,15020.0,139688.75,37496.33,0.0,-0.9581173,-1.9773391
590.0,6.4892955,20.5,8934.0,8934.0,106404.31,3783.977,0.0,-0.98272073,1.5009446
590.0,6.4892955,21.5,5387.0,5387.0,46808.14,18325.654,0.0,-0.91316724,2.006536
592.0,6.46278,0.5,0.0,0.0,0.0,0.0,0.0,0.0,0.0
592.0,6.46278,1.5,120779.0,120779.0,738310.56,59916.348,0.0,1.1125876,-2.9841049
592.0,6.46278,2.5,99533.0,99533.0,402694.75,40191.863,0.0,1.3582052,-2.5420742
592.0,6.46278,3.5,92740.0,92740.0,176779.84,63889.195,0.0,2.3769975,2.836949
592.0,6.46278,4.5,107388.0,107388.0,333600.03,59917.875,0.0,3.0676472,-0.73736805
592.0,6.46278,5.5,129060.0,129060.0,422711.72,31228.588,0.0,-2.7415967,-1.1928228
592.0,6.46278,6.5,125917.0,125917.0,473180.62,66914.69,0.0,-3.049354,-2.690652
592.0,6.46278,7.5,121178.0,121178.0,386184.5,63358.8,0.0,3.0601945,2.5085979
592.0,6.46278,8.5,118132.0,118132.0,145717.23,64741.22,0.0,-3.0523164,-1.0080867
592.0,6.46278,9.5,111203.0,111203.0,119141.35,70820.91,0.0,-2.0014062,-1.385291
592.0,6.46278,10.5,103211.0,103211.0,109067.82,28809.924,0.0,-0.9302975,-2.3937614
592.0,6.46278,11.5,91612.0,91612.0,163533.84,38826.734,0.0,-1.8095564,1.1677078
592.0,6.46278,12.5,85666.0,85666.0,205749.53,89965.805,0.0,-1.3367635,2.13273
592.0,6.46278,13.5,77024.0,77024.0,158493.45,172876.72,0.0,0.100476965,2.424357
592.0,6.46278,14.5,67845.0,67845.0,309583.66,214226.64,0.0,0.48857942,3.1276884
592.0,6.46278,15.5,57744.0,57744.0,210841.39,130636.62,0.0,0.65795946,-2.8968992
592.0,6.46278,16.5,42212.0,42212.0,162196.22,91504.7,0.0,0.39874274,-2.358719
592.0,6.46278,17.5,32195.0,32195.0,185647.14,111753.85,0.0,0.05287505,-2.0538554
592.0,6.46278,18.5,22313.0,22313.0,127426.59,69388.2,0.0,-0.4384949,-1.4751551
592.0,6.46278,19.5,14519.0,14519.0,111566.81,50840.223,0.0,-0.8919104,-1.4469066
592.0,6.46278,20.5,8822.0,8822.0,104915.54,21902.906,0.0,-1.063542,-1.1552781
592.0,6.46278,21.5,5962.0,5962.0,57682.04,8234.811,0.0,-0.8759551,2.527717
594.0,6.4208035,0.5,0.0,0.0,0.0,0.0,0.0,0.0,0.0
594.0,6.4208035,1.5,120284.0,120284.0,708882.75,33946.85,0.0,1.0645512,0.26864782
594.0,6.4208035,2.5,98832.0,98832.0,345112.94,30878.467,0.0,1.5052068,1.3513552
594.0,6.4208035,3.5,90424.0,90424.0,161908.39,21023.066,0.0,2.5114725,2.0891032
594.0,6.4208035,4.5,103089.0,103089.0,353847.06,35110.13,0.0,-3.040229,3.031828
594.0,6.4208035,5.5,127940.0,127940.0,402335.7,62833.508,0.0,-2.7077017,-0.29338872
594.0,6.4208035,6.5,130032.0,130032.0,472029.03,54739.395,0.0,-2.739674,-2.0980816
594.0,6.4208035,7.5,121125.0,121125.0,393373.28,146381.78,0.0,-2.9396849,-2.9970906
594.0,6.4208035,8.5,117395.0,117395.0,175377.22,47163.777,0.0,2.887481,3.0147836
594.0,6.4208035,9.5,114072.0,114072.0,108708.61,58158.26,0.0,-0.49477723,2.3379822
594.0,6.4208035,10.5,106367.0,106367.0,76126.945,82987.54,0.0,-1.3930122,2.5652645
594.0,6.4208035,11.5,97222.0,97222.0,36127.215,102712.84,0.0,2.7358818,2.1772618
594.0,6.4208035,12.5,89478.0,89478.0,128071.22,104948.08,0.0,-1.7263654,1.8499144
594.0,6.4208035,13.5,77919.0,77919.0,110456.805,171047.34,0.0,0.2540959,2.0254393
594.0,6.4208035,14.5,68746.0,68746.0,237362.27,174292.88,0.0,0.259024,2.0354314
594.0,6.4208035,15.5,55097.0,55097.0,244548.48,89869.945,0.0,0.3297713,2.754449
594.0,6.4208035,16.5,44413.0,44413.0,201895.45,44875.75,0.0,0.3545949,-3.021683
594.0,6.4208035,17.5,32069.0,32069.0,206893.98,73403.49,0.0,-0.013303797,-2.712137
594.0,6.4208035,18.5,21428.0,21428.0,152712.61,44125.297,0.0,-0.34347245,-1.8638769
594.0,6.4208035,19.5,13542.0,13542.0,83213.586,43580.055,0.0,-0.8226965,-1.8435987
594.0,6.4208035,20.5,8688.0,8688.0,84922.94,55447.094,0.0,-1.0498356,-1.4073851
594.0,6.4208035,21.5,6193.0,6193.0,75773.75,13888.555,0.0,-1.0443785,-1.1375456
596.0,6.391236,0.5,0.0,0.0,0.0,0.0,0.0,0.0,0.0
596.0,6.391236,1.5,120250.0,120250.0,707071.56,46016.61,0.0,1.0733672,-0.7090978
596.0,6.391236,2.5,97346.0,97346.0,310212.9,38747.96,0.0,1.6226547,-0.85653555
596.0,6.391236,3.5,90958.0,90958.0,183450.11,60299.54,0.0,2.5518546,0.8987552
596.0,6.391236,4.5,103968.0,103968.0,298565.44,48893.47,0.0,-2.8398468,2.4203358
596.0,6.391236,5.5,128982.0,128982.0,491838.78,9423.775,0.0,-2.609174,-1.7257437
596.0,6.391236,6.5,128858.0,128858.0,435615.94,46907.684,0.0,-2.7048328,-1.0472592
596.0,6.391236,7.5,121127.0,121127.0,338138.88,120113.68,0.0,-2.8585804,-2.5614314
596.0,6.391236,8.5,116206.0,116206.0,166918.1,111199.48,0.0,-2.6670544,-2.373559
596.0,6.391236,9.5,114098.0,114098.0,134953.77,84242.96,0.0,-0.27734578,2.5888097
596.0,6.391236,10.5,111387.0,111387.0,166772.39,101084.805,0.0,-0.3662442,2.3707447
596.0,6.391236,11.5,98272.0,98272.0,123932.55,128558.63,0.0,0.5630784,2.0205321
596.0,6.391236,12.5,93044.0,93044.0,81036.14,170081.81,0.0,0.40533522,1.2877829
596.0,6.391236,13.5,83031.0,83031.0,120985.03,107647.42,0.0,0.26431516,1.2950883
596.0,6.391236,14.5,64574.0,64574.0,130000.3,139932.69,0.0,0.32531968,1.6117423
596.0,6.391236,15.5,52798.0,52798.0,260237.2,48254.04,0.0,0.2412985,1.9185327
596.0,6.391236,16.5,42007.0,42007.0,246895.86,50459.535,0.0,0.08525168,2.5311856
596.0,6.391236,17.5,34385.0,34385.0,192297.84,18345.457,0.0,-0.15190165,2.7154126
596.0,6.391236,18.5,21180.0,21180.0,145452.69,16967.467,0.0,-0.23243567,-0.4144942
596.0,6.391236,19.5,13470.0,13470.0,88560.78,43892.008,0.0,-0.7803719,-2.0690343
596.0,6.391236,20.5,8737.0,8737.0,78796.23,49086.77,0.0,-1.1577635,-1.7874078
596.0,6.391236,21.5,5401.0,5401.0,74374.15,35496.19,0.0,-1.1654248,-0.81575924
598.0,6.360038,0.5,0.0,0.0,0.0,0.0,0.0,0.0,0.0
598.0,6.360038,1.5,120355.0,120355.0,761485.6,39117.39,0.0,1.0291835,-3.0809355
598.0,6.360038,2.5,98253.0,98253.0,295663.88,23513.957,0.0,1.7791141,-2.483749
598.0,6.360038,3.5,92232.0,92232.0,192691.64,28578.586,0.0,2.7620125,-0.5849552
598.0,6.360038,4.5,103132.0,103132.0,334548.38,41983.492,0.0,-2.8530235,1.4560003
598.0,6.360038,5.5,131673.0,131673.0,472897.72,57614.805,0.0,-2.7786508,-0.054506674
598.0,6.360038,6.5,129361.0,129361.0,512459.84,110329.84,0.0,-2.5052223,-0.16731204
598.0,6.360038,7.5,122380.0,122380.0,396602.75,119229.38,0.0,-2.8354967,3.04068
598.0,6.360038,8.5,117626.0,117626.0,262405.75,122819.04,0.0,-2.9421194,-3.0258353
598.0,6.360038,9.5,113798.0,113798.0,120907.79,37448.676,0.0,-1.2830735,1.8002429
598.0,6.360038,10.5,109347.0,109347.0,104532.14,135194.56,0.0,-0.36544627,2.4275904
598.0,6.360038,11.5,102347.0,102347.0,196581.05,100626.19,0.0,-0.46335277,2.2949057
598.0,6.360038,12.5,92216.0,92216.0,215225.8,223629.55,0.0,-0.23562413,0.9460032
598.0,6.360038,13.5,86104.0,86104.0,252370.92,254114.58,0.0,0.0012479083,1.3936629
598.0,6.360038,14.5,66897.0,66897.0,191882.19,128362.984,0.0,0.3790712,1.9712976
598.0,6.360038,15.5,52405.0,52405.0,250253.53,93523.45,0.0,0.23031816,1.8915316
598.0,6.360038,16.5,40028.0,40028.0,248703.6,29875.1,0.0,0.013969924,1.7703004
598.0,6.360038,17.5,33721.0,33721.0,238134.7,30338.936,0.0,-0.17108509,-0.4593946
598.0,6.360038,18.5,22754.0,22754.0,141157.3,32743.695,0.0,-0.33887765,-1.3052676
598.0,6.360038,19.5,13651.0,13651.0,99455.11,40773.555,0.0,-0.6851192,-2.0884256
598.0,6.360038,20.5,7930.0,7930.0,70583.98,52643.633,0.0,-1.1285081,-1.4872243
598.0,6.360038,21.5,5213.0,5213.0,68220.086,41054.535,0.0,-1.2526362,-1.079834
600.0,6.3231816,0.5,0.0,0.0,0.0,0.0,0.0,0.0,0.0
600.0,6.3231816,1.5,119034.0,119034.0,708504.6,15923.863,0.0,1.0655792,-1.0296918
600.0,6.3231816,2.5,97417.0,97417.0,234799.78,19278.422,0.0,1.2489672,2.8189383
600.0,6.3231816,3.5,86932.0,86932.0,151796.55,41112.11,0.0,3.0152502,-1.342146
600.0,6.3231816,4.5,97524.0,97524.0,414263.8,19337.357,0.0,-2.6986272,0.07029077
600.0,6.3231816,5.5,119800.0,119800.0,573637.8,6149.6494,0.0,-2.6992834,-0.21876518
600.0,6.3231816,6.5,121379.0,121379.0,578989.5,56404.918,0.0,-2.5029244,0.25358626
600.0,6.3231816,7.5,116609.0,116609.0,501888.16,100176.555,0.0,-2.645,0.80816305
600.0,6.3231816,8.5,122514.0,122514.0,367404.62,18434.412,0.0,-2.9929593,-0.12305282
600.0,6.3231816,9.5,115644.0,115644.0,192189.92,53116.766,0.0,2.7957346,-1.0276353
600.0,6.3231816,10.5,112761.0,112761.0,104840.98,29509.969,0.0,-0.1493647,0.49385184
600.0,6.3231816,11.5,106789.0,106789.0,251322.08,78614.31,0.0,0.057101257,2.6222754
600.0,6.3231816,12.5,93702.0,93702.0,308018.72,90024.85,0.0,-0.1397438,1.8542379
600.0,6.3231816,13.5,81442.0,81442.0,344183.8,154156.19,0.0,0.34514573,0.98430645
600.0,6.3231816,14.5,69290.0,69290.0,344025.25,192879.17,0.0,0.4621651,0.9033889
600.0,6.3231816,15.5,60759.0,60759.0,376865.56,229670.17,0.0,0.294213,0.5743925
600.0,6.3231816,16.5,47228.0,47228.0,368015.8,225724.02,0.0,0.010263456,-0.0098542925
600.0,6.3231816,17.5,34112.0,34112.0,281541.16,111480.734,0.0,-0.16265057,-0.3455446
600.0,6.3231816,18.5,24962.0,24962.0,272607.34,123108.99,0.0,-0.4638716,-1.1431898
600.0,6.3231816,19.5,18201.0,18201.0,228439.98,120369.766,0.0,-0.534195,-1.3476105
600.0,6.3231816,20.5,12800.0,12800.0,197298.69,144457.12,0.0,-0.6696992,-1.4690629
600.0,6.3231816,21.5,8195.0,8195.0,131389.45,105525.74,0.0,-0.71662056,-1.5193163
602.0,6.2968197,0.5,0.0,0.0,0.0,0.0,0.0,0.0,0.0
602.0,6.2968197,1.5,118672.0,118672.0,652901.7,77039.64,0.0,0.97863525,-1.5546861
602.0,6.2968197,2.5,95851.0,95851.0,214459.38,38822.246,0.0,1.2731624,-0.6202246
602.0,6.2968197,3.5,88654.0,88654.0,169399.72,28046.701,0.0,-2.9694514,-2.5290656
602.0,6.2968197,4.5,96838.0,96838.0,387097.3,48717.168,0.0,-2.6777778,-1.7347642
602.0,6.2968197,5.5,123668.0,123668.0,569939.0,32047.096,0.0,-2.6939461,-1.512572
602.0,6.2968197,6.5,123306.0,123306.0,586175.7,82244.375,0.0,-2.6590247,-0.22362351
602.0,6.2968197,7.5,118083.0,118083.0,518882.7,68830.75,0.0,-2.7580676,0.15066645
602.0,6.2968197,8.5,121567.0,121567.0,456614.25,15158.044,0.0,-2.96771,-0.40460804
602.0,6.2968197,9.5,112188.0,112188.0,253890.4,108350.91,0.0,2.9878547,-1.3544531
602.0,6.2968197,10.5,108486.0,108486.0,99850.06,87663.51,0.0,-0.6445212,0.08586637
602.0,6.2968197,11.5,103745.0,103745.0,243494.81,74558.36,0.0,-0.19060732,1.015152
602.0,6.2968197,12.5,98254.0,98254.0,239248.05,88571.516,0.0,-0.20521352,1.9234223
602.0,6.2968197,13.5,82682.0,82682.0,343488.94,125701.71,0.0,0.07712711,1.1589527
602.0,6.2968197,14.5,67973.0,67973.0,319924.2,168024.83,0.0,0.19893968,0.6999699
602.0,6.2968197,15.5,60302.0,60302.0,336005.53,213503.75,0.0,0.27687758,0.3959968
602.0,6.2968197,16.5,49551.0,49551.0,387181.3,290306.56,0.0,0.061094638,-0.082864374
602.0,6.2968197,17.5,35899.0,35899.0,279842.38,175389.69,0.0,0.012994042,-0.2291775
602.0,6.2968197,18.5,24500.0,24500.0,212127.64,71598.484,0.0,-0.43130603,-1.0418688
602.0,6.2968197,19.5,17259.0,17259.0,225561.42,127500.48,0.0,-0.6604115,-1.448983
602.0,6.2968197,20.5,12439.0,12439.0,200183.95,136425.9,0.0,-0.6627428,-1.470844
602.0,6.2968197,21.5,9723.0,9723.0,183180.53,143424.62,0.0,-0.7447244,-1.5711995
604.0,6.2570214,0.5,0.0,0.0,0.0,0.0,0.0,0.0,0.0
604.0,6.2570214,1.5,118692.0,118692.0,688369.2,59803.797,0.0,0.81973374,-1.022529
604.0,6.2570214,2.5,94853.0,94853.0,151662.34,14166.701,0.0,1.2504877,-0.78373027
604.0,6.2570214,3.5,87705.0,87705.0,180744.27,38677.375,0.0,-2.682807,2.2774491
604.0,6.2570214,4.5,96985.0,96985.0,335314.9,43438.145,0.0,-2.5148966,-2.1145406
604.0,6.2570214,5.5,120247.0,120247.0,563663.56,9206.703,0.0,-2.6915295,-1.9365424
604.0,6.2570214,6.5,127471.0,127471.0,545614.1,50461.793,0.0,-2.7327087,-1.1957138
604.0,6.2570214,7.5,120265.0,120265.0,485562.28,126295.016,0.0,-2.8468711,-0.07815048
604.0,6.2570214,8.5,122716.0,122716.0,447920.97,50432.94,0.0,-2.9579115,-0.8029794
604.0,6.2570214,9.5,112340.0,112340.0,279544.75,75835.734,0.0,2.777191,-2.0581512
604.0,6.2570214,10.5,106311.0,106311.0,143042.42,102650.66,0.0,1.1248859,-1.3903766
604.0,6.2570214,11.5,98574.0,98574.0,118011.94,135405.08,0.0,-0.19128211,-1.1538132
604.0,6.2570214,12.5,93177.0,93177.0,208632.53,51839.81,0.0,-0.1561518,-0.047177497
604.0,6.2570214,13.5,83845.0,83845.0,222154.58,122508.23,0.0,0.071183436,1.2574985
604.0,6.2570214,14.5,71847.0,71847.0,246836.02,67825.336,0.0,0.3252842,1.1611562
604.0,6.2570214,15.5,59219.0,59219.0,253442.23,133921.45,0.0,0.13292186,-0.11845565
604.0,6.2570214,16.5,46938.0,46938.0,282677.66,186341.67,0.0,0.13625087,-0.12719516
604.0,6.2570214,17.5,36173.0,36173.0,276173.78,178203.55,0.0,-0.0068632155,-0.30318093
604.0,6.2570214,18.5,25329.0,25329.0,213324.06,134647.4,0.0,-0.2530592,-0.7533912
604.0,6.2570214,19.5,15355.0,15355.0,141319.97,83106.19,0.0,-0.5501326,-1.4914432
604.0,6.2570214,20.5,11407.0,11407.0,143474.95,99569.3,0.0,-0.77889925,-1.8522984
604.0,6.2570214,21.5,9253.0,9253.0,177634.34,140769.16,0.0,-0.8752545,-1.8728125
608.0,6.198067,0.5,0.0,0.0,0.0,0.0,0.0,0.0,0.0
608.0,6.198067,1.5,117041.0,117041.0,681966.75,102132.11,0.0,0.84981865,0.1771607
608.0,6.198067,2.5,94600.0,94600.0,82811.47,72232.12,0.0,1.1520591,-0.2102976
608.0,6.198067,3.5,87184.0,87184.0,257498.08,45553.89,0.0,-2.3746452,-0.7460872
608.0,6.198067,4.5,102760.0,102760.0,474343.2,14678.177,0.0,-2.4778874,1.4237297
608.0,6.198067,5.5,122950.0,122950.0,529858.75,75187.875,0.0,-2.5254478,2.4063232
608.0,6.198067,6.5,119809.0,119809.0,406715.66,64561.332,0.0,-2.725091,3.111642
608.0,6.198067,7.5,116976.0,116976.0,427381.53,65020.617,0.0,-2.896278,-1.6231987
608.0,6.198067,8.5,117585.0,117585.0,426189.06,51155.133,0.0,-2.9902306,-1.5735843
608.0,6.198067,9.5,115382.0,115382.0,205882.89,56284.23,0.0,2.8013513,-0.86077595
608.0,6.198067,10.5,110596.0,110596.0,102759.664,43438.105,0.0,0.5380413,-1.9454472
608.0,6.198067,11.5,100988.0,100988.0,197747.53,97748.2,0.0,0.09646139,-2.5170455
608.0,6.198067,12.5,86608.0,86608.0,219069.55,105915.71,0.0,0.15800111,-2.739468
608.0,6.198067,13.5,78719.0,78719.0,262468.22,84246.664,0.0,0.32475337,-2.729083
608.0,6.198067,14.5,74609.0,74609.0,318385.06,58192.83,0.0,0.52924114,-3.0944123
608.0,6.198067,15.5,60176.0,60176.0,271734.72,58312.363,0.0,0.5683456,1.4156889
608.0,6.198067,16.5,49014.0,49014.0,265793.03,40515.098,0.0,0.4688613,0.36130297
608.0,6.198067,17.5,35673.0,35673.0,220855.28,44828.457,0.0,0.21947835,-0.50902194
608.0,6.198067,18.5,25774.0,25774.0,190799.34,66271.41,0.0,0.086233586,-0.5197516
608.0,6.198067,19.5,16366.0,16366.0,135531.25,56358.863,0.0,-0.17369863,-0.95177925
608.0,6.198067,20.5,10489.0,10489.0,80813.09,53338.79,0.0,-0.5453694,-1.4387399
608.0,6.198067,21.5,8186.0,8186.0,101970.336,72879.98,0.0,-1.1152599,-2.3643796
610.0,6.1668267,0.5,0.0,0.0,0.0,0.0,0.0,0.0,0.0
610.0,6.1668267,1.5,117668.0,117668.0,678700.9,85431.58,0.0,0.78102225,-0.62142414
610.0,6.1668267,2.5,95470.0,95470.0,52127.7,14546.973,0.0,0.81064945,-0.7747275
610.0,6.1668267,3.5,84650.0,84650.0,254894.2,7892.9736,0.0,-2.4413605,1.0276498
610.0,6.1668267,4.5,99392.0,99392.0,428745.0,5984.946,0.0,-2.5303106,2.4604936
610.0,6.1668267,5.5,125060.0,125060.0,537762.9,63348.39,0.0,-2.5638113,-3.002076
610.0,6.1668267,6.5,124826.0,124826.0,521643.5,40596.227,0.0,-2.6304579,-2.93072
610.0,6.1668267,7.5,116846.0,116846.0,437047.97,65355.76,0.0,-2.7144663,-2.2702947
610.0,6.1668267,8.5,116267.0,116267.0,401112.7,73169.25,0.0,-3.084291,-2.1270943
610.0,6.1668267,9.5,115614.0,115614.0,218130.25,68937.74,0.0,2.8555107,-2.191296
610.0,6.1668267,10.5,111578.0,111578.0,54852.656,108462.87,0.0,1.6481758,-2.18236
610.0,6.1668267,11.5,104039.0,104039.0,171873.4,77178.29,0.0,0.014355695,-2.655059
610.0,6.1668267,12.5,87728.0,87728.0,274942.75,143097.89,0.0,-0.0825653,-2.9347613
610.0,6.1668267,13.5,77127.0,77127.0,370290.2,156836.55,0.0,0.27640256,3.0454457
610.0,6.1668267,14.5,72834.0,72834.0,342650.38,35827.293,0.0,0.430069,2.7414162
610.0,6.1668267,15.5,62268.0,62268.0,279315.3,24371.627,0.0,0.4864404,1.000191
610.0,6.1668267,16.5,49336.0,49336.0,290989.25,68464.36,0.0,0.47213885,0.57704735
610.0,6.1668267,17.5,37429.0,37429.0,241423.38,40640.996,0.0,0.26079214,0.15120253
610.0,6.1668267,18.5,27277.0,27277.0,213325.8,90068.3,0.0,0.16422758,-0.2519691
610.0,6.1668267,19.5,17588.0,17588.0,150407.48,82877.04,0.0,0.075570606,-0.42914712
610.0,6.1668267,20.5,8815.0,8815.0,64501.297,25970.572,0.0,-0.18238434,-0.6237337
610.0,6.1668267,21.5,6588.0,6588.0,53693.348,39801.72,0.0,-1.1826022,-2.6088398
612.0,6.133891,0.5,0.0,0.0,0.0,0.0,0.0,0.0,0.0
612.0,6.133891,1.5,116343.0,116343.0,673622.6,137974.06,0.0,0.6228763,-0.22627938
612.0,6.133891,2.5,95875.0,95875.0,125070.65,15142.196,0.0,0.45506543,-0.04312355
612.0,6.133891,3.5,83716.0,83716.0,230011.5,21269.664,0.0,-2.3814101,2.843927
612.0,6.133891,4.5,98747.0,98747.0,409819.97,10617.541,0.0,-2.401712,-1.2398638
612.0,6.133891,5.5,120108.0,120108.0,532020.8,34189.56,0.0,-2.3998115,-3.0940046
612.0,6.133891,6.5,127375.0,127375.0,454232.47,36449.227,0.0,-2.5094578,2.5135674
612.0,6.133891,7.5,120456.0,120456.0,393776.97,111062.61,0.0,-2.726182,3.097816
612.0,6.133891,8.5,118812.0,118812.0,366884.38,85008.26,0.0,-3.0112188,-1.6777688
612.0,6.133891,9.5,111458.0,111458.0,305070.0,121315.555,0.0,3.1380346,-1.8946998
612.0,6.133891,10.5,112259.0,112259.0,110466.79,84017.18,0.0,2.4494162,-2.758989
612.0,6.133891,11.5,106738.0,106738.0,93324.05,167458.19,0.0,0.7912519,-2.6181617
612.0,6.133891,12.5,91984.0,91984.0,215665.86,185049.84,0.0,-0.1706146,-2.8579884
612.0,6.133891,13.5,79686.0,79686.0,378955.38,52395.273,0.0,0.040777545,2.9771068
612.0,6.133891,14.5,70560.0,70560.0,348561.22,59603.145,0.0,0.2693097,-1.5382127
612.0,6.133891,15.5,62527.0,62527.0,340633.8,47363.03,0.0,0.40499517,-1.8425838
612.0,6.133891,16.5,49451.0,49451.0,305820.03,25936.041,0.0,0.45450217,1.0037142
612.0,6.133891,17.5,36848.0,36848.0,268190.66,75350.23,0.0,0.19383094,-0.3608895
612.0,6.133891,18.5,26943.0,26943.0,234645.9,98788.12,0.0,0.07120579,-0.5715771
612.0,6.133891,19.5,17962.0,17962.0,173514.66,94243.96,0.0,0.1509058,-0.033231784
612.0,6.133891,20.5,9351.0,9351.0,74819.016,34373.297,0.0,0.033295088,-0.11808615
612.0,6.133891,21.5,5760.0,5760.0,33615.75,18498.273,0.0,-0.8327144,3.005635
614.0,6.1007195,0.5,0.0,0.0,0.0,0.0,0.0,0.0,0.0
614.0,6.1007195,1.5,114504.0,114504.0,674481.6,71710.1,0.0,0.7161688,-0.33343184
614.0,6.1007195,2.5,94114.0,94114.0,139919.84,73900.37,0.0,0.19269356,0.59397924
614.0,6.1007195,3.5,85707.0,85707.0,168210.11,27954.914,0.0,-2.0604403,-0.49184644
614.0,6.1007195,4.5,96358.0,96358.0,381771.6,15124.271,0.0,-2.3191402,-0.10446504
614.0,6.1007195,5.5,122047.0,122047.0,540567.9,59294.805,0.0,-2.4150019,1.9770544
614.0,6.1007195,6.5,124674.0,124674.0,538797.75,48781.895,0.0,-2.410439,-2.7450726
614.0,6.1007195,7.5,121066.0,121066.0,438531.72,91645.2,0.0,-2.5697427,2.8637424
614.0,6.1007195,8.5,125361.0,125361.0,351470.06,144553.61,0.0,-2.959822,-3.0439768
614.0,6.1007195,9.5,114174.0,114174.0,340521.84,96594.69,0.0,3.0348346,3.1100838
614.0,6.1007195,10.5,110511.0,110511.0,208535.67,101934.055,0.0,2.441533,-2.2835386
614.0,6.1007195,11.5,107932.0,107932.0,221444.8,178471.89,0.0,1.5333759,-2.6345973
614.0,6.1007195,12.5,95548.0,95548.0,197778.89,216869.5,0.0,0.34791028,-2.695979
614.0,6.1007195,13.5,81620.0,81620.0,309824.06,166260.28,0.0,-0.04200052,-2.2384174
614.0,6.1007195,14.5,71146.0,71146.0,304461.62,120720.71,0.0,0.18637416,-1.8482875
614.0,6.1007195,15.5,59922.0,59922.0,283248.2,82272.91,0.0,0.23854667,-2.3372316
614.0,6.1007195,16.5,48104.0,48104.0,285865.97,45071.72,0.0,0.21644275,2.6809626
614.0,6.1007195,17.5,36653.0,36653.0,288754.22,28441.918,0.0,0.13220914,-1.2347219
614.0,6.1007195,18.5,25182.0,25182.0,213791.61,75880.47,0.0,-0.035972938,-0.6705864
614.0,6.1007195,19.5,15457.0,15457.0,151768.56,91821.97,0.0,0.0017036897,-0.262673
614.0,6.1007195,20.5,10551.0,10551.0,98199.16,62024.51,0.0,0.079960234,0.21117277
614.0,6.1007195,21.5,5778.0,5778.0,39625.18,6476.599,0.0,-0.28148004,-0.19194336
616.0,6.067346,0.5,0.0,0.0,0.0,0.0,0.0,0.0,0.0
616.0,6.067346,1.5,115447.0,115447.0,686414.75,160710.7,0.0,0.79068124,0.370163
616.0,6.067346,2.5,93641.0,93641.0,201761.86,44300.246,0.0,0.21904922,-0.4418479
616.0,6.067346,3.5,84746.0,84746.0,187501.66,35229.844,0.0,-1.6857677,-0.2724316
616.0,6.067346,4.5,97237.0,97237.0,359344.62,19368.86,0.0,-2.1280289,-0.18283793
616.0,6.067346,5.5,123401.0,123401.0,558957.4,52058.734,0.0,-2.2416036,2.1546159
616.0,6.067346,6.5,123778.0,123778.0,559160.8,26232.514,0.0,-2.3408036,-2.5453107
616.0,6.067346,7.5,121968.0,121968.0,463303.9,66168.87,0.0,-2.5931072,2.3391643
616.0,6.067346,8.5,126171.0,126171.0,371478.66,110709.516,0.0,-2.6388538,2.7041957
616.0,6.067346,9.5,118358.0,118358.0,302285.9,70632.31,0.0,3.0822668,2.8281786
616.0,6.067346,10.5,115878.0,115878.0,190617.3,207334.61,0.0,1.6142505,2.9695282
616.0,6.067346,11.5,107454.0,107454.0,337036.94,222349.06,0.0,1.2307999,-2.6421676
616.0,6.067346,12.5,95374.0,95374.0,259032.25,245661.95,0.0,0.36571223,3.0587795
616.0,6.067346,13.5,84153.0,84153.0,222853.86,309010.53,0.0,0.302487,-2.7923846
616.0,6.067346,14.5,70601.0,70601.0,272575.47,207862.34,0.0,0.22799318,-2.8708296
616.0,6.067346,15.5,59440.0,59440.0,252173.72,87178.47,0.0,0.07184074,3.0146418
616.0,6.067346,16.5,49321.0,49321.0,281120.25,54782.07,0.0,0.114397,2.3531742
616.0,6.067346,17.5,33638.0,33638.0,235469.64,9079.831,0.0,-0.06566956,0.7762538
616.0,6.067346,18.5,23724.0,23724.0,171742.5,38955.38,0.0,-0.10430163,-0.87251496
616.0,6.067346,19.5,14537.0,14537.0,137294.92,72063.35,0.0,-0.07634547,-0.44962487
616.0,6.067346,20.5,10093.0,10093.0,97327.36,56275.613,0.0,-0.0743917,-0.26189908
616.0,6.067346,21.5,6015.0,6015.0,62073.035,30734.018,0.0,-0.23904249,-0.72323364
618.0,6.032073,0.5,0.0,0.0,0.0,0.0,0.0,0.0,0.0
618.0,6.032073,1.5,114400.0,114400.0,685628.75,132199.22,0.0,0.76147246,0.41907984
618.0,6.032073,2.5,90306.0,90306.0,205768.42,38272.805,0.0,0.40822235,-0.5408349
618.0,6.032073,3.5,86641.0,86641.0,143103.2,29599.266,0.0,-1.7328271,-0.8762194
618.0,6.032073,4.5,95646.0,95646.0,313758.84,67707.48,0.0,-2.0620918,-1.8367407
618.0,6.032073,5.5,123260.0,123260.0,554005.0,43070.77,0.0,-2.3068824,-0.19936721
618.0,6.032073,6.5,126331.0,126331.0,542784.6,33836.336,0.0,-2.436924,0.28075328
618.0,6.032073,7.5,122234.0,122234.0,505900.56,30901.877,0.0,-2.503522,2.0053232
618.0,6.032073,8.5,125533.0,125533.0,433981.12,126649.27,0.0,-2.6847448,2.076216
618.0,6.032073,9.5,119765.0,119765.0,360017.88,132396.81,0.0,-2.7820444,2.153166
618.0,6.032073,10.5,114068.0,114068.0,122104.27,156966.67,0.0,2.6768522,2.0584698
618.0,6.032073,11.5,111202.0,111202.0,115531.81,172954.36,0.0,1.2291331,2.780066
618.0,6.032073,12.5,102701.0,102701.0,308336.6,210358.77,0.0,0.48806491,2.8426332
618.0,6.032073,13.5,85470.0,85470.0,268953.03,274033.38,0.0,0.26779503,2.7127855
618.0,6.032073,14.5,72477.0,72477.0,246075.89,216408.45,0.0,0.29400617,2.7216206
618.0,6.032073,15.5,57839.0,57839.0,300203.84,148314.12,0.0,0.33903384,2.165607
618.0,6.032073,16.5,47469.0,47469.0,242929.06,108382.83,0.0,0.034968,1.3427517
618.0,6.032073,17.5,33556.0,33556.0,181403.34,57822.992,0.0,-0.0122946035,1.1256169
618.0,6.032073,18.5,22802.0,22802.0,170439.14,42161.13,0.0,-0.16566068,-0.4292165
618.0,6.032073,19.5,15830.0,15830.0,137153.08,40875.566,0.0,-0.12807697,-0.66692877
618.0,6.032073,20.5,9997.0,9997.0,105169.11,51173.598,0.0,-0.22812614,-0.9091461
618.0,6.032073,21.5,5332.0,5332.0,59581.332,32578.303,0.0,-0.42506903,-1.1761519
620.0,5.994832,0.5,0.0,0.0,0.0,0.0,0.0,0.0,0.0
620.0,5.994832,1.5,112271.0,112271.0,647348.0,138085.9,0.0,0.7738805,0.7208505
620.0,5.994832,2.5,91138.0,91138.0,204096.3,61483.09,0.0,0.4913547,0.008243979
620.0,5.994832,3.5,83036.0,83036.0,131508.88,33793.094,0.0,-1.5192566,-0.51050365
620.0,5.994832,4.5,96222.0,96222.0,347573.6,41261.984,0.0,-1.7644,-1.0034063
620.0,5.994832,5.5,120932.0,120932.0,484645.25,19523.57,0.0,-2.1096117,-1.1779963
620.0,5.994832,6.5,126424.0,126424.0,512911.03,68702.33,0.0,-2.378891,-3.0280907
620.0,5.994832,7.5,123133.0,123133.0,490888.88,69421.625,0.0,-2.5740294,0.7143504
620.0,5.994832,8.5,122837.0,122837.0,507672.53,113467.695,0.0,-2.6172252,1.8294271
620.0,5.994832,9.5,122379.0,122379.0,390455.84,124190.05,0.0,-2.7859352,1.7998801
620.0,5.994832,10.5,115463.0,115463.0,198323.28,88542.555,0.0,2.9453554,0.42554903
620.0,5.994832,11.5,108845.0,108845.0,170807.31,15673.618,0.0,2.0127687,-0.35265183
620.0,5.994832,12.5,103976.0,103976.0,269350.44,154379.34,0.0,0.93965745,3.1328044
620.0,5.994832,13.5,94924.0,94924.0,345557.97,233309.56,0.0,0.6110909,2.6621146
620.0,5.994832,14.5,72561.0,72561.0,297811.12,181345.73,0.0,0.23688425,2.1799676
620.0,5.994832,15.5,59810.0,59810.0,271699.38,159863.92,0.0,0.27757928,1.7693626
620.0,5.994832,16.5,48371.0,48371.0,264101.16,173674.6,0.0,0.103078455,1.0710927
620.0,5.994832,17.5,33975.0,33975.0,243010.03,120192.13,0.0,0.016654957,0.7448479
620.0,5.994832,18.5,23988.0,23988.0,206722.5,38352.004,0.0,-0.239063,0.36176586
620.0,5.994832,19.5,15342.0,15342.0,151598.28,40680.11,0.0,-0.21788454,-0.75877684
620.0,5.994832,20.5,9158.0,9158.0,89446.0,37946.133,0.0,-0.044448234,-0.74306417
620.0,5.994832,21.5,5420.0,5420.0,71342.73,38949.97,0.0,-0.5034947,-1.5055182
622.0,5.957324,0.5,0.0,0.0,0.0,0.0,0.0,0.0,0.0
622.0,5.957324,1.5,111549.0,111549.0,538271.1,121381.305,0.0,0.8587874,0.55564773
622.0,5.957324,2.5,91590.0,91590.0,139446.72,23537.195,0.0,0.7503323,1.1775426
622.0,5.957324,3.5,82942.0,82942.0,121184.65,55770.117,0.0,-1.455825,1.8576192
622.0,5.957324,4.5,98549.0,98549.0,269297.72,19968.803,0.0,-1.7938004,-0.81628513
622.0,5.957324,5.5,120998.0,120998.0,441275.4,17691.316,0.0,-1.9378022,1.7426554
622.0,5.957324,6.5,122585.0,122585.0,457601.2,9770.468,0.0,-2.3012297,-0.0060457787
622.0,5.957324,7.5,119840.0,119840.0,459322.8,43238.82,0.0,-2.536313,-0.6558051
622.0,5.957324,8.5,121712.0,121712.0,419292.5,96468.445,0.0,-2.5721421,0.91627914
622.0,5.957324,9.5,122417.0,122417.0,411957.38,103486.45,0.0,-2.8231103,1.5712976
622.0,5.957324,10.5,117102.0,117102.0,165787.2,62784.49,0.0,2.725137,2.1820564
622.0,5.957324,11.5,110166.0,110166.0,187227.6,29567.81,0.0,1.5942951,0.17176802
622.0,5.957324,12.5,98344.0,98344.0,166452.8,44100.67,0.0,0.8128151,-2.935282
622.0,5.957324,13.5,93146.0,93146.0,381831.97,133323.44,0.0,0.7277407,-2.8181467
622.0,5.957324,14.5,77901.0,77901.0,373307.6,195725.61,0.0,0.42997128,2.120484
622.0,5.957324,15.5,62765.0,62765.0,315582.5,161699.28,0.0,0.25205106,1.6603556
622.0,5.957324,16.5,51005.0,51005.0,260103.33,182251.36,0.0,0.059434287,0.9589271
622.0,5.957324,17.5,36729.0,36729.0,267683.56,127881.7,0.0,-0.113832936,0.95505977
622.0,5.957324,18.5,23375.0,23375.0,237738.06,88470.07,0.0,-0.15765023,0.5093638
622.0,5.957324,19.5,14807.0,14807.0,161540.64,62462.54,0.0,-0.2414019,0.35863423
622.0,5.957324,20.5,9326.0,9326.0,93669.95,37254.043,0.0,-0.11721257,0.1009403
622.0,5.957324,21.5,5701.0,5701.0,58869.19,20281.943,0.0,-0.37709007,-1.0639997
624.0,5.936564,0.5,0.0,0.0,0.0,0.0,0.0,0.0,0.0
624.0,5.936564,1.5,110689.0,110689.0,516790.9,129043.555,0.0,0.79080856,0.53017324
624.0,5.936564,2.5,91029.0,91029.0,146004.81,24776.51,0.0,1.4995251,0.77027065
624.0,5.936564,3.5,81722.0,81722.0,76064.2,39808.867,0.0,-2.0481937,1.5114864
624.0,5.936564,4.5,99110.0,99110.0,265220.7,17959.04,0.0,-1.7940439,1.3796151
624.0,5.936564,5.5,122463.0,122463.0,429551.62,13392.926,0.0,-1.9106131,-0.79453516
624.0,5.936564,6.5,123987.0,123987.0,394416.56,15057.073,0.0,-2.2694063,-2.0461087
624.0,5.936564,7.5,117665.0,117665.0,403041.2,40012.2,0.0,-2.3738217,0.71575314
624.0,5.936564,8.5,121298.0,121298.0,433779.6,72664.45,0.0,-2.592681,0.73562884
624.0,5.936564,9.5,120781.0,120781.0,338917.5,95178.17,0.0,-2.807368,1.199825
624.0,5.936564,10.5,117375.0,117375.0,138046.23,67736.586,0.0,2.806163,1.5255219
624.0,5.936564,11.5,108841.0,108841.0,192383.05,27277.916,0.0,1.5526145,0.7006576
624.0,5.936564,12.5,97447.0,97447.0,171118.84,12791.292,0.0,0.73744035,-0.73010755
624.0,5.936564,13.5,88445.0,88445.0,314930.3,136156.27,0.0,0.64935875,-2.4644816
624.0,5.936564,14.5,80800.0,80800.0,386445.53,156797.25,0.0,0.38503054,1.7170014
624.0,5.936564,15.5,64913.0,64913.0,351780.38,189788.53,0.0,0.28049317,1.7017509
624.0,5.936564,16.5,51267.0,51267.0,260128.53,150967.12,0.0,0.05390374,1.0053953
624.0,5.936564,17.5,38635.0,38635.0,256656.61,148708.31,0.0,-0.15043423,0.84118557
624.0,5.936564,18.5,23376.0,23376.0,188956.73,114712.18,0.0,-0.16042405,0.6326394
624.0,5.936564,19.5,14636.0,14636.0,168065.4,110116.19,0.0,-0.19078344,0.36235738
624.0,5.936564,20.5,9317.0,9317.0,95561.89,47215.023,0.0,-0.11380497,0.17591405
624.0,5.936564,21.5,5729.0,5729.0,47211.89,14854.226,0.0,-0.47620088,-0.14812805
626.0,5.8948116,0.5,0.0,0.0,0.0,0.0,0.0,0.0,0.0
626.0,5.8948116,1.5,109138.0,109138.0,470182.25,18831.736,0.0,0.83944196,0.3935885
626.0,5.8948116,2.5,89989.0,89989.0,47393.586,29661.652,0.0,2.3176298,-1.3580055
626.0,5.8948116,3.5,80788.0,80788.0,85339.41,17312.256,0.0,-2.5008454,-0.14568594
626.0,5.8948116,4.5,96677.0,96677.0,187166.23,29005.693,0.0,-1.9437914,1.8719208
626.0,5.8948116,5.5,123214.0,123214.0,381710.9,27138.764,0.0,-1.8969598,-1.0888917
626.0,5.8948116,6.5,128995.0,128995.0,441634.25,73071.375,0.0,-2.1233664,-2.5175943
626.0,5.8948116,7.5,121944.0,121944.0,452705.44,53486.168,0.0,-2.2828171,-2.511976
626.0,5.8948116,8.5,123867.0,123867.0,390222.88,75329.7,0.0,-2.6496282,-0.23677316
626.0,5.8948116,9.5,116485.0,116485.0,320658.12,25028.986,0.0,-2.5341249,1.9365493
626.0,5.8948116,10.5,111140.0,111140.0,138831.03,31850.994,0.0,-2.456475,0.39816463
626.0,5.8948116,11.5,106840.0,106840.0,70638.78,158621.86,0.0,2.2312942,0.0068330118
626.0,5.8948116,12.5,93749.0,93749.0,211510.42,102566.41,0.0,0.6049026,0.14214662
626.0,5.8948116,13.5,86848.0,86848.0,289163.94,75358.17,0.0,0.72180516,0.14694965
626.0,5.8948116,14.5,77333.0,77333.0,291386.53,81235.01,0.0,0.43722773,0.26618668
626.0,5.8948116,15.5,66918.0,66918.0,328940.0,140042.97,0.0,0.057386097,1.109248
626.0,5.8948116,16.5,53401.0,53401.0,236013.47,175511.58,0.0,0.38817045,1.4873476
626.0,5.8948116,17.5,39204.0,39204.0,168660.34,169290.03,0.0,0.12237657,0.96752584
626.0,5.8948116,18.5,25754.0,25754.0,169670.97,158582.64,0.0,-0.08213032,0.4646634
626.0,5.8948116,19.5,15676.0,15676.0,146426.62,126804.92,0.0,-0.1440857,0.3135611
626.0,5.8948116,20.5,9669.0,9669.0,86148.59,68764.55,0.0,-0.18960413,0.24472411
626.0,5.8948116,21.5,5238.0,5238.0,46319.715,27407.283,0.0,-0.38057828,0.42718858
629.0,5.8527274,0.5,0.0,0.0,0.0,0.0,0.0,0.0,0.0
629.0,5.8527274,1.5,109381.0,109381.0,442685.22,93264.664,0.0,0.660881,1.449379
629.0,5.8527274,2.5,88451.0,88451.0,12065.262,37549.324,0.0,0.8976548,1.1451889
629.0,5.8527274,3.5,81559.0,81559.0,125015.15,18503.342,0.0,-2.7535355,1.739873
629.0,5.8527274,4.5,94471.0,94471.0,205659.17,18793.031,0.0,-2.130401,3.0508058
629.0,5.8527274,5.5,121864.0,121864.0,353162.78,33068.184,0.0,-1.9831475,-1.5035309
629.0,5.8527274,6.5,128007.0,128007.0,396949.7,59902.926,0.0,-2.0618496,-1.0498137
629.0,5.8527274,7.5,123165.0,123165.0,456353.03,43375.207,0.0,-2.2831318,2.9081361
629.0,5.8527274,8.5,121903.0,121903.0,457468.84,28140.273,0.0,-2.418296,2.8956697
629.0,5.8527274,9.5,121988.0,121988.0,372742.12,113299.875,0.0,-2.7622354,-1.7673379
629.0,5.8527274,10.5,115461.0,115461.0,227789.03,133565.84,0.0,3.0580688,-1.3976204
629.0,5.8527274,11.5,105968.0,105968.0,61531.605,219779.02,0.0,2.1347847,-0.4869724
629.0,5.8527274,12.5,94078.0,94078.0,158261.67,228647.86,0.0,0.8374709,-0.2628882
629.0,5.8527274,13.5,80498.0,80498.0,225948.16,179427.45,0.0,0.7112841,-0.45577365
629.0,5.8527274,14.5,74355.0,74355.0,275971.0,119045.96,0.0,0.57638097,-0.5539562
629.0,5.8527274,15.5,66180.0,66180.0,266269.03,135377.45,0.0,0.53017557,0.38362813
629.0,5.8527274,16.5,54417.0,54417.0,213309.73,147839.42,0.0,0.25675118,1.0179775
629.0,5.8527274,17.5,40194.0,40194.0,199171.33,131164.28,0.0,0.29206175,0.9518535
629.0,5.8527274,18.5,27811.0,27811.0,142869.88,100274.19,0.0,0.094576366,0.33793867
629.0,5.8527274,19.5,17705.0,17705.0,117154.24,99749.875,0.0,-0.05601957,0.18158431
629.0,5.8527274,20.5,10624.0,10624.0,111287.5,87453.39,0.0,-0.17000122,0.09875763
629.0,5.8527274,21.5,6093.0,6093.0,66192.75,48172.605,0.0,-0.15344432,0.20103529
630.0,5.829423,0.5,0.0,0.0,0.0,0.0,0.0,0.0,0.0
630.0,5.829423,1.5,105758.0,105758.0,521164.94,117695.11,0.0,0.5921794,1.7971337
630.0,5.829423,2.5,88527.0,88527.0,46109.105,74679.58,0.0,-0.19621564,1.1893198
630.0,5.829423,3.5,83537.0,83537.0,132271.84,16831.32,0.0,-2.3346076,2.131133
630.0,5.829423,4.5,93959.0,93959.0,201065.12,36833.445,0.0,-2.0270572,2.456587
630.0,5.829423,5.5,121157.0,121157.0,282070.44,26691.363,0.0,-1.9651324,-2.0132563
630.0,5.829423,6.5,127602.0,127602.0,401244.9,22563.623,0.0,-2.0148234,-2.1037908
630.0,5.829423,7.5,123368.0,123368.0,448859.94,11492.244,0.0,-2.2205791,2.8947818
630.0,5.829423,8.5,120833.0,120833.0,392566.75,16726.39,0.0,-2.4817839,1.5470386
630.0,5.829423,9.5,122462.0,122462.0,389303.72,94464.33,0.0,-2.7150903,-1.479399
630.0,5.829423,10.5,117883.0,117883.0,277857.84,133319.03,0.0,2.7743626,-1.4992237
630.0,5.829423,11.5,109936.0,109936.0,177752.33,176019.31,0.0,1.8374265,-1.227137
630.0,5.829423,12.5,92437.0,92437.0,197539.03,229034.77,0.0,1.1441942,-0.54631114
630.0,5.829423,13.5,79899.0,79899.0,246196.9,166168.39,0.0,0.72155714,-0.6504929
630.0,5.829423,14.5,72858.0,72858.0,250469.83,157641.61,0.0,0.5117344,-0.6622394
630.0,5.829423,15.5,66343.0,66343.0,253640.81,104848.86,0.0,0.6371094,-0.061706904
630.0,5.829423,16.5,53973.0,53973.0,207226.27,87226.0,0.0,0.4065938,0.70868474
630.0,5.829423,17.5,40600.0,40600.0,182779.56,109147.95,0.0,0.16581924,0.94936913
630.0,5.829423,18.5,28603.0,28603.0,144012.42,82919.234,0.0,0.20116168,0.74739116
630.0,5.829423,19.5,17735.0,17735.0,109088.52,74914.84,0.0,-0.21230881,-0.08811157
630.0,5.829423,20.5,11734.0,11734.0,122632.9,84392.37,0.0,-0.15471163,-0.088414185
630.0,5.829423,21.5,6326.0,6326.0,72202.414,52386.844,0.0,-0.13441893,-0.006309133
632.0,5.80602,0.5,0.0,0.0,0.0,0.0,0.0,0.0,0.0
632.0,5.80602,1.5,106558.0,106558.0,471572.2,93783.16,0.0,0.6886628,1.7567074
632.0,5.80602,2.5,87341.0,87341.0,53963.277,34079.504,0.0,-0.3459653,0.80727434
632.0,5.80602,3.5,80977.0,80977.0,168173.67,1973.484,0.0,-2.2565825,-0.23353557
632.0,5.80602,4.5,92903.0,92903.0,186257.9,56406.547,0.0,-2.2852411,2.295258
632.0,5.80602,5.5,120773.0,120773.0,307983.84,18429.904,0.0,-1.9212594,2.8071327
632.0,5.80602,6.5,128196.0,128196.0,409441.44,67811.34,0.0,-2.0488977,-1.8129092
632.0,5.80602,7.5,121903.0,121903.0,384897.3,22759.7,0.0,-2.2124822,-0.3580455
632.0,5.80602,8.5,123069.0,123069.0,401216.53,82755.555,0.0,-2.2842293,-2.0509572
632.0,5.80602,9.5,121203.0,121203.0,285677.06,144496.14,0.0,-2.6392584,-1.4820751
632.0,5.80602,10.5,119029.0,119029.0,211022.16,154947.28,0.0,2.746783,-1.7074683
632.0,5.80602,11.5,112215.0,112215.0,220578.47,172833.33,0.0,1.6453195,-1.4959984
632.0,5.80602,12.5,95345.0,95345.0,267145.12,148722.28,0.0,1.2331887,-0.87317306
632.0,5.80602,13.5,81623.0,81623.0,276019.84,168888.34,0.0,0.72258914,-0.9102785
632.0,5.80602,14.5,71482.0,71482.0,253843.67,138736.44,0.0,0.53387254,-0.870843
632.0,5.80602,15.5,64289.0,64289.0,213555.77,126531.92,0.0,0.40607578,-0.31615442
632.0,5.80602,16.5,53558.0,53558.0,197034.39,58007.508,0.0,0.5828696,0.75257075
632.0,5.80602,17.5,40562.0,40562.0,151451.84,60328.15,0.0,0.21135657,1.1352369
632.0,5.80602,18.5,29471.0,29471.0,159925.53,66343.055,0.0,0.05058642,1.2884234
632.0,5.80602,19.5,17778.0,17778.0,123704.83,49890.098,0.0,-0.22099994,-0.08616977
632.0,5.80602,20.5,11131.0,11131.0,105494.09,71065.08,0.0,-0.3193967,-0.5005416
632.0,5.80602,21.5,6899.0,6899.0,80980.13,49260.188,0.0,-0.1130685,-0.20999402
634.0,5.7588477,0.5,0.0,0.0,0.0,0.0,0.0,0.0,0.0
634.0,5.7588477,1.5,102662.0,102662.0,438513.3,91224.96,0.0,0.62265646,1.630721
634.0,5.7588477,2.5,88052.0,88052.0,109416.84,74868.49,0.0,-0.5921231,1.6876507
634.0,5.7588477,3.5,82577.0,82577.0,155895.12,7987.2173,0.0,-1.9505175,0.8836835
634.0,5.7588477,4.5,95832.0,95832.0,254543.45,34792.098,0.0,-2.1651936,1.0541131
634.0,5.7588477,5.5,119300.0,119300.0,250124.7,40345.816,0.0,-2.1497898,1.8213651
634.0,5.7588477,6.5,125516.0,125516.0,316208.03,5352.2466,0.0,-1.970397,3.1388469
634.0,5.7588477,7.5,123947.0,123947.0,377186.5,4108.7573,0.0,-1.9839722,-1.8838344
634.0,5.7588477,8.5,124368.0,124368.0,442080.4,31789.271,0.0,-2.217241,-2.546291
634.0,5.7588477,9.5,122599.0,122599.0,303501.0,149265.83,0.0,-2.3209472,-2.2496006
634.0,5.7588477,10.5,115420.0,115420.0,164174.08,157505.55,0.0,-2.519394,-2.7987823
634.0,5.7588477,11.5,107088.0,107088.0,14149.135,207794.38,0.0,-0.04196409,-2.247353
634.0,5.7588477,12.5,100846.0,100846.0,225256.44,248310.81,0.0,0.9773685,-1.3234376
634.0,5.7588477,13.5,87876.0,87876.0,325873.4,73811.27,0.0,0.8647838,-0.8729522
634.0,5.7588477,14.5,73869.0,73869.0,256937.05,70965.78,0.0,0.6154627,-1.3195095
634.0,5.7588477,15.5,59470.0,59470.0,231478.02,56021.66,0.0,0.43915862,-1.4399037
634.0,5.7588477,16.5,47983.0,47983.0,170864.89,19793.637,0.0,0.4081108,-0.0025555645
634.0,5.7588477,17.5,39889.0,39889.0,142481.94,66252.82,0.0,0.26969907,1.8089535
634.0,5.7588477,18.5,29168.0,29168.0,125333.42,62664.812,0.0,-0.11560963,1.5901128
634.0,5.7588477,19.5,19334.0,19334.0,128760.95,15219.174,0.0,-0.3626319,1.1792343
634.0,5.7588477,20.5,10071.0,10071.0,99227.77,40387.42,0.0,-0.54653883,-0.7394494
634.0,5.7588477,21.5,6422.0,6422.0,61481.17,42262.637,0.0,-0.3281498,-0.6826717
636.0,5.7351136,0.5,0.0,0.0,0.0,0.0,0.0,0.0,0.0
636.0,5.7351136,1.5,103363.0,103363.0,463878.9,135439.36,0.0,0.681985,1.4768234
636.0,5.7351136,2.5,86128.0,86128.0,88072.4,37677.44,0.0,0.035766724,1.7294298
636.0,5.7351136,3.5,80593.0,80593.0,181850.31,32443.777,0.0,-1.8735799,2.5036523
636.0,5.7351136,4.5,97517.0,97517.0,229513.11,12737.877,0.0,-2.2120235,-0.6514332
636.0,5.7351136,5.5,122983.0,122983.0,281204.34,47072.164,0.0,-2.2805204,2.7353964
636.0,5.7351136,6.5,125828.0,125828.0,318990.97,60626.67,0.0,-1.9657671,-2.2946022
636.0,5.7351136,7.5,124650.0,124650.0,390433.44,28165.695,0.0,-2.000217,-0.9482197
636.0,5.7351136,8.5,124768.0,124768.0,433415.38,92168.56,0.0,-2.1823416,-2.7582917
636.0,5.7351136,9.5,121079.0,121079.0,345006.3,109810.15,0.0,-2.2554097,-2.1924996
636.0,5.7351136,10.5,116547.0,116547.0,176402.42,83431.22,0.0,-2.4887893,-2.8460631
636.0,5.7351136,11.5,107243.0,107243.0,57909.145,177637.22,0.0,-2.8969634,-2.4950075
636.0,5.7351136,12.5,102446.0,102446.0,134014.9,243520.73,0.0,1.0660313,-1.6933128
636.0,5.7351136,13.5,89979.0,89979.0,299101.6,213372.16,0.0,0.90632886,-1.050407
636.0,5.7351136,14.5,73243.0,73243.0,236093.23,113012.34,0.0,0.7490663,-1.0864531
636.0,5.7351136,15.5,58870.0,58870.0,237618.16,87263.33,0.0,0.5681735,-2.0416517
636.0,5.7351136,16.5,48406.0,48406.0,170797.33,6506.7393,0.0,0.44844708,-2.3542511
636.0,5.7351136,17.5,37214.0,37214.0,162029.16,80872.66,0.0,0.18229552,1.6696166
636.0,5.7351136,18.5,27671.0,27671.0,117236.234,61632.176,0.0,0.033551235,1.6950002
636.0,5.7351136,19.5,19098.0,19098.0,107221.98,10914.555,0.0,-0.34005257,2.5823565
636.0,5.7351136,20.5,9975.0,9975.0,90033.73,17830.018,0.0,-0.65030384,-0.5819249
636.0,5.7351136,21.5,5970.0,5970.0,58375.535,34621.496,0.0,-0.43203744,-0.8479488
639.0,5.687351,0.5,0.0,0.0,0.0,0.0,0.0,0.0,0.0
639.0,5.687351,1.5,101415.0,101415.0,340832.88,114388.93,0.0,0.74740314,1.3148803
639.0,5.687351,2.5,86484.0,86484.0,96009.09,30658.105,0.0,-0.6493955,2.4939873
639.0,5.687351,3.5,80926.0,80926.0,130473.29,39583.99,0.0,-1.8787522,-0.6170752
639.0,5.687351,4.5,97862.0,97862.0,197976.17,61874.86,0.0,-2.3031912,-1.5394692
639.0,5.687351,5.5,121570.0,121570.0,244334.42,25981.834,0.0,-2.3149388,-1.395937
639.0,5.687351,6.5,128377.0,128377.0,268353.22,51562.707,0.0,-1.9189626,3.0894997
639.0,5.687351,7.5,124833.0,124833.0,360932.25,98241.66,0.0,-1.8881087,-1.6012088
639.0,5.687351,8.5,127772.0,127772.0,399017.12,14914.655,0.0,-2.2190366,-1.5146147
639.0,5.687351,9.5,118788.0,118788.0,300859.3,47548.277,0.0,-2.3639092,-2.2276564
639.0,5.687351,10.5,117086.0,117086.0,222172.4,103170.45,0.0,-2.7861984,-2.395966
639.0,5.687351,11.5,111367.0,111367.0,92820.57,114010.49,0.0,2.8637526,-2.3174448
639.0,5.687351,12.5,102682.0,102682.0,164064.6,183164.22,0.0,1.8253268,-1.9635757
639.0,5.687351,13.5,96221.0,96221.0,254216.12,299872.62,0.0,1.1477331,-1.9047831
639.0,5.687351,14.5,74869.0,74869.0,277773.25,213546.14,0.0,0.85546124,-1.9698036
639.0,5.687351,15.5,59898.0,59898.0,237729.12,150489.88,0.0,0.658839,-2.3521686
639.0,5.687351,16.5,46343.0,46343.0,210436.19,75508.0,0.0,0.71382374,-2.726505
639.0,5.687351,17.5,32588.0,32588.0,137657.61,27645.326,0.0,0.40675408,2.1943693
639.0,5.687351,18.5,23402.0,23402.0,93839.836,27586.559,0.0,0.12295822,1.7166845
639.0,5.687351,19.5,15786.0,15786.0,81122.516,28088.064,0.0,-0.15592629,2.3954022
639.0,5.687351,20.5,10120.0,10120.0,60363.066,9389.044,0.0,-0.39778528,-1.735615
639.0,5.687351,21.5,5817.0,5817.0,62314.67,21307.354,0.0,-0.654931,-0.88268185
640.0,5.674282,0.5,0.0,0.0,0.0,0.0,0.0,0.0,0.0
640.0,5.674282,1.5,100657.0,100657.0,337028.16,132738.94,0.0,0.815615,1.4099761
640.0,5.674282,2.5,85548.0,85548.0,57066.87,41107.625,0.0,-0.57353735,2.2890272
640.0,5.674282,3.5,81159.0,81159.0,112604.805,46294.793,0.0,-1.7683653,-1.4300146
640.0,5.674282,4.5,97737.0,97737.0,210350.45,39638.105,0.0,-2.0934906,-1.6036425
640.0,5.674282,5.5,123462.0,123462.0,235962.8,43588.67,0.0,-2.0792356,-2.277416
640.0,5.674282,6.5,126586.0,126586.0,267648.6,68343.04,0.0,-1.8831404,3.0315068
640.0,5.674282,7.5,125358.0,125358.0,359758.78,108848.39,0.0,-1.8186319,-1.9283466
640.0,5.674282,8.5,129051.0,129051.0,387658.53,22366.96,0.0,-2.1677353,-2.1474862
640.0,5.674282,9.5,120136.0,120136.0,287906.75,23075.201,0.0,-2.324428,-2.7779434
640.0,5.674282,10.5,115781.0,115781.0,172676.47,94410.766,0.0,-2.7691448,-2.6305852
640.0,5.674282,11.5,111306.0,111306.0,133511.86,129168.266,0.0,2.8275428,-2.6008773
640.0,5.674282,12.5,102788.0,102788.0,184660.5,183247.14,0.0,1.8528217,-2.0399346
640.0,5.674282,13.5,96731.0,96731.0,274334.62,287659.56,0.0,1.3126622,-1.9614233
640.0,5.674282,14.5,77279.0,77279.0,288397.34,230808.36,0.0,0.85818344,-2.2345817
640.0,5.674282,15.5,60678.0,60678.0,258061.97,183465.39,0.0,0.6682263,-2.5054023
640.0,5.674282,16.5,45902.0,45902.0,215031.36,89573.766,0.0,0.6736738,-2.7272458
640.0,5.674282,17.5,32008.0,32008.0,144178.55,23932.053,0.0,0.51874864,2.4816635
640.0,5.674282,18.5,22368.0,22368.0,92657.07,22519.758,0.0,0.09096998,2.3748558
640.0,5.674282,19.5,14917.0,14917.0,80078.74,21813.707,0.0,-0.13303575,1.9909304
640.0,5.674282,20.5,9355.0,9355.0,53092.543,10877.635,0.0,-0.40791252,-2.326784
640.0,5.674282,21.5,5844.0,5844.0,59051.434,22254.408,0.0,-0.63998383,-1.071633
642.0,5.6348777,0.5,0.0,0.0,0.0,0.0,0.0,0.0,0.0
642.0,5.6348777,1.5,99475.0,99475.0,259287.39,105305.59,0.0,0.93696904,1.4492711
642.0,5.6348777,2.5,84706.0,84706.0,14420.385,35933.0,0.0,-2.1528578,1.8981805
642.0,5.6348777,3.5,79062.0,79062.0,58016.797,15465.397,0.0,-1.9051169,2.297946
642.0,5.6348777,4.5,96308.0,96308.0,215045.16,39933.957,0.0,-2.3392117,2.6308162
642.0,5.6348777,5.5,123849.0,123849.0,272940.94,55000.188,0.0,-2.2556076,-2.3883917
642.0,5.6348777,6.5,126474.0,126474.0,303115.94,55204.777,0.0,-2.0595279,3.1037505
642.0,5.6348777,7.5,124248.0,124248.0,386646.9,50971.816,0.0,-1.7803179,-2.1467695
642.0,5.6348777,8.5,129449.0,129449.0,416476.53,44626.902,0.0,-1.8545395,-1.2546731
642.0,5.6348777,9.5,124105.0,124105.0,362439.25,41618.7,0.0,-2.170069,-1.698396
642.0,5.6348777,10.5,117621.0,117621.0,226917.55,52183.4,0.0,-2.6089907,1.0867172
642.0,5.6348777,11.5,109127.0,109127.0,114796.38,142998.03,0.0,2.2446628,2.6804502
642.0,5.6348777,12.5,98788.0,98788.0,177753.38,130218.984,0.0,1.4397266,3.0637827
642.0,5.6348777,13.5,95589.0,95589.0,310683.9,227988.64,0.0,1.2832882,-2.505231
642.0,5.6348777,14.5,84709.0,84709.0,346353.94,229689.86,0.0,1.001896,-2.4772825
642.0,5.6348777,15.5,65498.0,65498.0,319012.78,249210.08,0.0,0.718942,-2.8834784
642.0,5.6348777,16.5,46207.0,46207.0,236769.03,143670.77,0.0,0.564359,-3.0812929
642.0,5.6348777,17.5,31069.0,31069.0,150415.42,70765.414,0.0,0.39944863,2.8472567
642.0,5.6348777,18.5,19367.0,19367.0,84117.99,39190.523,0.0,0.28223827,2.287233
642.0,5.6348777,19.5,12758.0,12758.0,80261.945,18098.049,0.0,-0.15562844,2.910671
642.0,5.6348777,20.5,8120.0,8120.0,48020.34,13509.418,0.0,-0.3168392,2.995647
642.0,5.6348777,21.5,5477.0,5477.0,47811.855,28798.523,0.0,-0.71089935,-2.0162134
644.0,5.6070967,0.5,0.0,0.0,0.0,0.0,0.0,0.0,0.0
644.0,5.6070967,1.5,99173.0,99173.0,227339.95,20405.56,0.0,0.796939,1.0644553
644.0,5.6070967,2.5,83853.0,83853.0,41692.76,23975.47,0.0,-2.8731828,-0.89692014
644.0,5.6070967,3.5,79316.0,79316.0,78247.91,12033.4,0.0,-1.9672707,-0.1403521
644.0,5.6070967,4.5,95268.0,95268.0,202764.62,22791.639,0.0,-2.1896741,1.7431365
644.0,5.6070967,5.5,124428.0,124428.0,266146.06,46508.57,0.0,-2.1612785,-2.4935613
644.0,5.6070967,6.5,128367.0,128367.0,231642.56,38482.44,0.0,-1.9757304,2.7653751
644.0,5.6070967,7.5,123193.0,123193.0,313491.12,52051.36,0.0,-1.7199107,2.728766
644.0,5.6070967,8.5,129339.0,129339.0,417977.62,104326.86,0.0,-1.7934328,-2.3426304
644.0,5.6070967,9.5,124788.0,124788.0,365531.3,61807.65,0.0,-2.121686,-1.9967355
644.0,5.6070967,10.5,120610.0,120610.0,282823.9,23243.465,0.0,-2.688012,1.5842501
644.0,5.6070967,11.5,111222.0,111222.0,131722.4,145024.1,0.0,2.5864604,2.5207386
644.0,5.6070967,12.5,99204.0,99204.0,170681.83,104306.96,0.0,0.97863394,2.6812103
644.0,5.6070967,13.5,90449.0,90449.0,245146.08,155218.31,0.0,0.92324287,2.9167554
644.0,5.6070967,14.5,87343.0,87343.0,339654.2,192991.9,0.0,0.9264412,-2.9687054
644.0,5.6070967,15.5,69184.0,69184.0,323571.47,217401.7,0.0,0.6472099,-3.0633402
644.0,5.6070967,16.5,46006.0,46006.0,232834.53,116042.84,0.0,0.6897491,-3.031532
644.0,5.6070967,17.5,31189.0,31189.0,155540.6,119857.08,0.0,0.38444552,2.5661874
644.0,5.6070967,18.5,20156.0,20156.0,105022.55,71732.52,0.0,0.40134573,2.2192874
644.0,5.6070967,19.5,11512.0,11512.0,63912.547,36868.94,0.0,-0.059945244,2.2990198
644.0,5.6070967,20.5,7281.0,7281.0,48511.08,23592.623,0.0,-0.43033442,3.0732138
644.0,5.6070967,21.5,5494.0,5494.0,49880.305,28061.438,0.0,-0.69585097,-2.2152607
646.0,5.563197,0.5,0.0,0.0,0.0,0.0,0.0,0.0,0.0
646.0,5.563197,1.5,97429.0,97429.0,257591.98,41607.277,0.0,0.2701948,2.4867048
646.0,5.563197,2.5,83738.0,83738.0,37345.715,29757.396,0.0,-2.5052047,-2.7940402
646.0,5.563197,3.5,79863.0,79863.0,123461.92,38249.11,0.0,-2.6724968,-1.6660627
646.0,5.563197,4.5,93935.0,93935.0,197355.56,42524.27,0.0,-2.4494925,-0.81768596
646.0,5.563197,5.5,122696.0,122696.0,279561.8,41447.27,0.0,-2.3954966,1.1892036
646.0,5.563197,6.5,130739.0,130739.0,282472.78,68919.42,0.0,-2.132119,1.8098472
646.0,5.563197,7.5,123425.0,123425.0,279396.03,112972.2,0.0,-1.8080796,2.276804
646.0,5.563197,8.5,125075.0,125075.0,429664.47,49476.85,0.0,-1.7557681,2.8873932
646.0,5.563197,9.5,126458.0,126458.0,283402.75,63773.85,0.0,-2.2908945,0.30733922
646.0,5.563197,10.5,121956.0,121956.0,188342.17,105337.73,0.0,-2.561248,-0.7541692
646.0,5.563197,11.5,113931.0,113931.0,127915.92,43894.305,0.0,2.807154,1.7351753
646.0,5.563197,12.5,100449.0,100449.0,97420.66,183927.0,0.0,2.5220556,2.2305958
646.0,5.563197,13.5,89145.0,89145.0,135059.4,180154.31,0.0,1.068316,2.4239707
646.0,5.563197,14.5,83876.0,83876.0,217690.72,154286.14,0.0,0.7259693,2.6359901
646.0,5.563197,15.5,70767.0,70767.0,288354.62,128726.43,0.0,0.6054121,3.1224122
646.0,5.563197,16.5,51668.0,51668.0,263468.2,91032.06,0.0,0.34630093,2.9451594
646.0,5.563197,17.5,32204.0,32204.0,169688.92,74646.32,0.0,0.5367443,2.4242554
646.0,5.563197,18.5,21094.0,21094.0,125126.016,73817.49,0.0,0.69559777,2.3118224
646.0,5.563197,19.5,12902.0,12902.0,67794.77,64971.78,0.0,0.115534104,2.1676486
646.0,5.563197,20.5,7082.0,7082.0,45895.88,24054.15,0.0,-0.6465961,2.8716824
646.0,5.563197,21.5,4791.0,4791.0,38859.984,23320.625,0.0,-0.9010855,-2.9569008
648.0,5.5322285,0.5,0.0,0.0,0.0,0.0,0.0,0.0,0.0
648.0,5.5322285,1.5,96069.0,96069.0,290607.34,32326.617,0.0,0.4747717,-2.4082885
648.0,5.5322285,2.5,82685.0,82685.0,48756.3,13736.278,0.0,-1.9667656,2.014598
648.0,5.5322285,3.5,79640.0,79640.0,138062.2,19336.014,0.0,-2.3583574,-2.2799938
648.0,5.5322285,4.5,94814.0,94814.0,188681.17,25819.525,0.0,-2.1385353,-1.6784366
648.0,5.5322285,5.5,123025.0,123025.0,312726.06,22322.357,0.0,-2.1901827,-2.4199102
648.0,5.5322285,6.5,129588.0,129588.0,233628.39,24236.264,0.0,-2.0390224,1.7293146
648.0,5.5322285,7.5,123505.0,123505.0,235061.12,42705.086,0.0,-1.5073317,1.1938584
648.0,5.5322285,8.5,125833.0,125833.0,347408.12,23316.113,0.0,-1.873501,-2.032363
648.0,5.5322285,9.5,125058.0,125058.0,262219.0,39760.312,0.0,-2.4595456,-1.8567449
648.0,5.5322285,10.5,121319.0,121319.0,207768.89,49476.348,0.0,-2.461755,-0.9413962
648.0,5.5322285,11.5,114380.0,114380.0,199371.17,20033.082,0.0,2.3646522,1.6973007
648.0,5.5322285,12.5,100388.0,100388.0,183520.72,125294.1,0.0,2.1742868,1.9702088
648.0,5.5322285,13.5,88261.0,88261.0,112658.56,140712.12,0.0,1.3887074,2.538321
648.0,5.5322285,14.5,80090.0,80090.0,172090.05,130342.12,0.0,0.7536738,2.535716
648.0,5.5322285,15.5,72482.0,72482.0,240265.9,135113.56,0.0,0.7148038,-3.134598
648.0,5.5322285,16.5,54382.0,54382.0,217237.84,56691.96,0.0,0.3049672,-3.056746
648.0,5.5322285,17.5,35812.0,35812.0,203940.14,100441.5,0.0,0.32466722,2.35353
648.0,5.5322285,18.5,21706.0,21706.0,114387.914,71374.22,0.0,0.57156664,2.0743403
648.0,5.5322285,19.5,13201.0,13201.0,61162.66,65923.234,0.0,0.47277635,2.2859898
648.0,5.5322285,20.5,7659.0,7659.0,40537.84,22442.273,0.0,-0.43438357,2.4068904
648.0,5.5322285,21.5,5077.0,5077.0,50225.08,32319.893,0.0,-1.0964094,-2.9650972
650.0,5.49958,0.5,0.0,0.0,0.0,0.0,0.0,0.0,0.0
650.0,5.49958,1.5,96179.0,96179.0,292323.0,80033.72,0.0,0.62115157,2.8950481
650.0,5.49958,2.5,83176.0,83176.0,20227.338,35378.625,0.0,-1.5917205,-2.6545885
650.0,5.49958,3.5,79742.0,79742.0,145260.88,10010.74,0.0,-2.194211,2.7948637
650.0,5.49958,4.5,96701.0,96701.0,219184.77,22834.158,0.0,-2.0813527,-1.9077737
650.0,5.49958,5.5,123755.0,123755.0,313416.16,18065.166,0.0,-2.1369836,2.7573247
650.0,5.49958,6.5,128391.0,128391.0,339608.2,21486.004,0.0,-2.0306025,0.23512855
650.0,5.49958,7.5,123757.0,123757.0,283039.62,56981.72,0.0,-1.5024592,1.4541061
650.0,5.49958,8.5,126939.0,126939.0,247520.2,61456.03,0.0,-1.7657202,2.3522253
650.0,5.49958,9.5,127247.0,127247.0,188577.75,21343.793,0.0,-2.0738277,1.6443549
650.0,5.49958,10.5,119911.0,119911.0,188725.61,56192.234,0.0,-2.648923,-0.067016795
650.0,5.49958,11.5,112084.0,112084.0,178427.72,100708.805,0.0,2.3980572,1.1947799
650.0,5.49958,12.5,101997.0,101997.0,247800.88,183727.22,0.0,1.9019125,2.0021632
650.0,5.49958,13.5,89419.0,89419.0,138765.2,96361.36,0.0,1.5916842,2.4746354
650.0,5.49958,14.5,75225.0,75225.0,183802.34,133752.0,0.0,1.0548248,2.3681204
650.0,5.49958,15.5,68884.0,68884.0,192175.67,145466.22,0.0,0.827872,2.7914844
650.0,5.49958,16.5,57048.0,57048.0,193984.27,80932.95,0.0,0.6222973,-2.8414006
650.0,5.49958,17.5,40808.0,40808.0,195700.8,90714.28,0.0,0.0741795,2.4691324
650.0,5.49958,18.5,24904.0,24904.0,135652.33,98597.13,0.0,0.28232935,2.1737514
650.0,5.49958,19.5,14126.0,14126.0,56684.113,61502.64,0.0,0.5098458,2.129303
650.0,5.49958,20.5,8016.0,8016.0,30378.602,24523.594,0.0,-0.4237594,2.4143362
650.0,5.49958,21.5,4367.0,4367.0,39081.254,16596.383,0.0,-1.0450624,2.9042487
652.0,5.4667716,0.5,0.0,0.0,0.0,0.0,0.0,0.0,0.0
652.0,5.4667716,1.5,94136.0,94136.0,266883.84,114361.44,0.0,0.7120805,2.214121
652.0,5.4667716,2.5,81156.0,81156.0,21408.42,53305.88,0.0,-0.5043906,2.5301065
652.0,5.4667716,3.5,78658.0,78658.0,142223.05,42682.223,0.0,-1.9661615,1.4841236
652.0,5.4667716,4.5,100674.0,100674.0,230051.81,34054.523,0.0,-1.9400085,2.1786509
652.0,5.4667716,5.5,123768.0,123768.0,293123.94,40723.383,0.0,-2.0804477,1.6787295
652.0,5.4667716,6.5,126602.0,126602.0,288470.94,2532.9421,0.0,-2.0640464,2.809979
652.0,5.4667716,7.5,125697.0,125697.0,303465.72,53893.12,0.0,-1.5051717,-0.35775492
652.0,5.4667716,8.5,127319.0,127319.0,260729.38,70979.03,0.0,-1.5447361,0.57160467
652.0,5.4667716,9.5,121982.0,121982.0,161019.03,60659.37,0.0,-1.8507693,0.7857827
652.0,5.4667716,10.5,117411.0,117411.0,204159.78,61354.71,0.0,-2.0095634,0.04752406
652.0,5.4667716,11.5,111256.0,111256.0,105179.61,145857.5,0.0,2.3262868,0.1305606
652.0,5.4667716,12.5,102193.0,102193.0,248060.27,153909.77,0.0,1.7286248,1.2819728
652.0,5.4667716,13.5,92294.0,92294.0,284071.4,167938.77,0.0,1.7093692,1.7680815
652.0,5.4667716,14.5,77062.0,77062.0,193072.52,81947.57,0.0,1.2447813,2.040148
652.0,5.4667716,15.5,67796.0,67796.0,196498.66,89807.125,0.0,0.6013354,2.1560383
652.0,5.4667716,16.5,55329.0,55329.0,161162.16,88554.49,0.0,0.34645167,-3.0823953
652.0,5.4667716,17.5,42074.0,42074.0,163044.9,38854.652,0.0,0.32489938,2.9374576
652.0,5.4667716,18.5,28333.0,28333.0,157341.94,98177.12,0.0,0.107980184,2.3009458
652.0,5.4667716,19.5,15352.0,15352.0,73794.47,78750.49,0.0,0.19770436,2.0770895
652.0,5.4667716,20.5,8587.0,8587.0,32961.605,38740.18,0.0,0.333063,2.2202556
652.0,5.4667716,21.5,4267.0,4267.0,25899.541,11744.076,0.0,-1.0100508,2.4916332
654.0,5.432046,0.5,0.0,0.0,0.0,0.0,0.0,0.0,0.0
654.0,5.432046,1.5,92056.0,92056.0,229576.88,38066.273,0.0,0.9870396,-3.056981
654.0,5.432046,2.5,80396.0,80396.0,33358.547,20782.443,0.0,-0.21290156,2.8532422
654.0,5.432046,3.5,78669.0,78669.0,149854.9,14348.663,0.0,-2.0352607,0.030259186
654.0,5.432046,4.5,98725.0,98725.0,176234.67,49314.094,0.0,-1.9202629,-0.019663136
654.0,5.432046,5.5,124335.0,124335.0,279191.8,50683.09,0.0,-1.7270864,0.8567339
654.0,5.432046,6.5,127350.0,127350.0,309935.88,54729.426,0.0,-1.8678747,0.10670181
654.0,5.432046,7.5,127081.0,127081.0,317270.28,39024.9,0.0,-1.3934319,0.15397274
654.0,5.432046,8.5,127039.0,127039.0,305558.7,81294.4,0.0,-1.4507048,0.07507258
654.0,5.432046,9.5,122786.0,122786.0,185896.36,123632.29,0.0,-1.6318716,0.9299609
654.0,5.432046,10.5,116453.0,116453.0,183422.92,79935.37,0.0,-1.9452614,-0.2979754
654.0,5.432046,11.5,107986.0,107986.0,74043.055,91354.28,0.0,-2.6942844,-0.41113794
654.0,5.432046,12.5,103139.0,103139.0,160558.8,120615.97,0.0,2.0437884,0.75138205
654.0,5.432046,13.5,93871.0,93871.0,304716.0,127122.414,0.0,1.7803158,1.4151652
654.0,5.432046,14.5,77614.0,77614.0,206383.56,62241.066,0.0,1.4818952,0.97664183
654.0,5.432046,15.5,64751.0,64751.0,182373.11,36793.312,0.0,0.83336055,1.2528919
654.0,5.432046,16.5,54370.0,54370.0,195673.12,46041.527,0.0,0.3118288,2.9190063
654.0,5.432046,17.5,42941.0,42941.0,145019.11,43715.11,0.0,0.25411382,-2.7935178
654.0,5.432046,18.5,28251.0,28251.0,122547.53,42474.16,0.0,0.20475456,2.3030076
654.0,5.432046,19.5,16898.0,16898.0,99543.305,72035.445,0.0,0.1829602,2.348485
654.0,5.432046,20.5,10373.0,10373.0,68883.4,63312.363,0.0,0.19020429,1.9754909
654.0,5.432046,21.5,5540.0,5540.0,29672.387,32708.074,0.0,-0.6458427,2.2624242
656.0,5.395474,0.5,0.0,0.0,0.0,0.0,0.0,0.0,0.0
656.0,5.395474,1.5,93045.0,93045.0,147952.73,56811.92,0.0,1.1508508,-2.9898129
656.0,5.395474,2.5,79644.0,79644.0,47396.94,47333.562,0.0,-2.4169044,-2.3830018
656.0,5.395474,3.5,76998.0,76998.0,110046.18,14059.139,0.0,-2.0355377,-1.5312634
656.0,5.395474,4.5,94793.0,94793.0,144173.72,50389.023,0.0,-1.7335275,-1.1476144
656.0,5.395474,5.5,124119.0,124119.0,248551.03,28436.027,0.0,-1.6836783,-0.913618
656.0,5.395474,6.5,127452.0,127452.0,243589.19,25187.129,0.0,-1.9406387,-1.2329988
656.0,5.395474,7.5,124247.0,124247.0,240886.9,93936.2,0.0,-1.6114074,-1.2779562
656.0,5.395474,8.5,127676.0,127676.0,270983.12,149417.11,0.0,-1.213641,0.29192126
656.0,5.395474,9.5,126618.0,126618.0,152618.02,104580.09,0.0,-1.6153072,0.053288195
656.0,5.395474,10.5,121979.0,121979.0,140377.84,51242.297,0.0,-2.1336956,0.61217046
656.0,5.395474,11.5,111731.0,111731.0,120005.62,128378.266,0.0,-3.0696864,-1.1029845
656.0,5.395474,12.5,100453.0,100453.0,133374.95,50741.695,0.0,2.579236,-0.9078685
656.0,5.395474,13.5,92380.0,92380.0,170393.62,146943.52,0.0,2.2275076,1.022061
656.0,5.395474,14.5,76099.0,76099.0,224341.39,88939.93,0.0,1.7648004,0.7926977
656.0,5.395474,15.5,62973.0,62973.0,175448.1,84698.79,0.0,1.3090733,-0.29743153
656.0,5.395474,16.5,52348.0,52348.0,157317.1,5904.809,0.0,0.6098912,-1.602024
656.0,5.395474,17.5,42011.0,42011.0,192690.77,74180.375,0.0,0.03463288,2.9498465
656.0,5.395474,18.5,29404.0,29404.0,133739.95,28046.496,0.0,0.16730097,2.476636
656.0,5.395474,19.5,18224.0,18224.0,101637.99,38776.766,0.0,0.2729706,2.2533574
656.0,5.395474,20.5,12176.0,12176.0,77399.414,64584.016,0.0,0.07188359,2.1520944
656.0,5.395474,21.5,6719.0,6719.0,35260.44,38728.316,0.0,-0.11561979,2.0152822
658.0,5.377074,0.5,0.0,0.0,0.0,0.0,0.0,0.0,0.0
658.0,5.377074,1.5,91536.0,91536.0,91393.12,36767.895,0.0,0.9126331,-2.9073353
658.0,5.377074,2.5,80506.0,80506.0,64632.16,20514.816,0.0,-2.2777824,-1.5255643
658.0,5.377074,3.5,78603.0,78603.0,80797.03,36319.805,0.0,-1.7507085,-2.2944384
658.0,5.377074,4.5,94010.0,94010.0,155525.08,52290.434,0.0,-1.6877108,-1.9195976
658.0,5.377074,5.5,122775.0,122775.0,273473.25,62261.26,0.0,-1.5733731,-2.137979
658.0,5.377074,6.5,126110.0,126110.0,219595.8,33628.62,0.0,-1.6255473,-2.114251
658.0,5.377074,7.5,123241.0,123241.0,204551.73,83920.83,0.0,-1.3620837,-2.0918322
658.0,5.377074,8.5,128065.0,128065.0,293309.56,55903.934,0.0,-0.92247725,-0.44727504
658.0,5.377074,9.5,127538.0,127538.0,117080.12,134399.19,0.0,-1.6925532,0.25361127
658.0,5.377074,10.5,124609.0,124609.0,133897.02,82743.57,0.0,-1.952508,0.32748172
658.0,5.377074,11.5,111551.0,111551.0,154117.02,101545.766,0.0,-2.913479,-1.1461467
658.0,5.377074,12.5,100466.0,100466.0,191992.81,78318.25,0.0,2.4828672,-1.3441807
658.0,5.377074,13.5,93176.0,93176.0,220657.83,143905.86,0.0,2.2253249,0.85095096
658.0,5.377074,14.5,76279.0,76279.0,183360.55,107058.68,0.0,1.7976336,0.45340544
658.0,5.377074,15.5,60854.0,60854.0,164073.64,81211.164,0.0,1.4623812,-0.23900183
658.0,5.377074,16.5,51414.0,51414.0,115341.21,64662.785,0.0,0.9177377,-0.72661674
658.0,5.377074,17.5,40891.0,40891.0,155842.38,43067.777,0.0,0.14758785,2.793261
658.0,5.377074,18.5,29938.0,29938.0,170732.1,55360.95,0.0,-0.035764806,2.1182394
658.0,5.377074,19.5,19091.0,19091.0,99265.6,31939.477,0.0,0.26355368,2.2492445
658.0,5.377074,20.5,12378.0,12378.0,71669.58,55452.84,0.0,0.1469352,2.1726775
658.0,5.377074,21.5,7120.0,7120.0,49201.453,40613.426,0.0,0.0016833161,1.9736888
660.0,5.3382206,0.5,0.0,0.0,0.0,0.0,0.0,0.0,0.0
660.0,5.3382206,1.5,91879.0,91879.0,75697.125,59700.266,0.0,0.72995806,2.0987782
660.0,5.3382206,2.5,78169.0,78169.0,117051.734,19776.426,0.0,-2.6565666,-0.7768743
660.0,5.3382206,3.5,76320.0,76320.0,94176.79,1093.7509,0.0,-1.9416763,-0.8815099
660.0,5.3382206,4.5,92078.0,92078.0,138860.36,53974.316,0.0,-1.7845855,-2.792778
660.0,5.3382206,5.5,125175.0,125175.0,273603.75,95733.266,0.0,-1.5994787,-2.839045
660.0,5.3382206,6.5,127619.0,127619.0,229763.67,70916.52,0.0,-1.6261836,-2.4346292
660.0,5.3382206,7.5,122795.0,122795.0,228821.47,80417.75,0.0,-1.3765643,-2.3679812
660.0,5.3382206,8.5,129772.0,129772.0,317603.8,34328.984,0.0,-1.236999,-0.59900844
660.0,5.3382206,9.5,123397.0,123397.0,202734.0,63921.695,0.0,-1.4357493,-0.031874865
660.0,5.3382206,10.5,120500.0,120500.0,95308.8,88102.336,0.0,-2.3587413,-0.3729294
660.0,5.3382206,11.5,115700.0,115700.0,117183.086,85595.23,0.0,2.7377408,-0.4237165
660.0,5.3382206,12.5,102383.0,102383.0,216157.66,119818.63,0.0,2.0701456,-1.2066423
660.0,5.3382206,13.5,90965.0,90965.0,211585.03,154105.64,0.0,2.0809596,-0.2794282
660.0,5.3382206,14.5,79638.0,79638.0,200995.88,159218.7,0.0,2.0201283,0.22178881
660.0,5.3382206,15.5,64552.0,64552.0,176028.52,158252.2,0.0,1.6582165,-0.5638802
660.0,5.3382206,16.5,50220.0,50220.0,115833.42,96923.83,0.0,1.6186249,-0.7910222
660.0,5.3382206,17.5,36234.0,36234.0,83059.59,31635.195,0.0,0.85289896,-1.013349
660.0,5.3382206,18.5,27839.0,27839.0,139978.11,45590.508,0.0,-0.004631079,2.0445204
660.0,5.3382206,19.5,20282.0,20282.0,150107.06,49673.203,0.0,-0.12705548,1.4602387
660.0,5.3382206,20.5,12551.0,12551.0,80179.445,27120.387,0.0,0.229665,1.6131264
660.0,5.3382206,21.5,6957.0,6957.0,39432.395,22813.287,0.0,0.33643076,1.9618686
662.0,5.2972536,0.5,0.0,0.0,0.0,0.0,0.0,0.0,0.0
662.0,5.2972536,1.5,91036.0,91036.0,137897.03,35368.906,0.0,0.34938604,-2.7253783
662.0,5.2972536,2.5,77548.0,77548.0,148072.56,19994.404,0.0,-2.221453,-0.040726338
662.0,5.2972536,3.5,75310.0,75310.0,130048.55,13578.449,0.0,-2.0776708,1.6956635
662.0,5.2972536,4.5,89893.0,89893.0,149736.19,33080.426,0.0,-1.7658817,3.1142313
662.0,5.2972536,5.5,121323.0,121323.0,193106.16,31166.764,0.0,-1.4135821,2.4359493
662.0,5.2972536,6.5,130774.0,130774.0,195064.19,79312.26,0.0,-1.4078289,2.93526
662.0,5.2972536,7.5,128012.0,128012.0,153765.14,75100.555,0.0,-0.98506767,-3.1108408
662.0,5.2972536,8.5,130969.0,130969.0,225120.12,87675.68,0.0,-1.0983939,-2.9547436
662.0,5.2972536,9.5,124924.0,124924.0,195918.45,27036.01,0.0,-1.4881116,2.9185355
662.0,5.2972536,10.5,119952.0,119952.0,123920.14,71310.98,0.0,-2.098342,-2.0457087
662.0,5.2972536,11.5,116044.0,116044.0,111285.76,76615.59,0.0,2.3358462,-0.56954163
662.0,5.2972536,12.5,99662.0,99662.0,191217.23,139941.58,0.0,2.4713216,-1.7321583
662.0,5.2972536,13.5,89723.0,89723.0,215005.33,217674.05,0.0,1.9540142,-1.1594243
662.0,5.2972536,14.5,87115.0,87115.0,229758.64,150909.03,0.0,1.9552501,-0.8364458
662.0,5.2972536,15.5,69873.0,69873.0,193938.11,175318.53,0.0,1.82896,-0.67961836
662.0,5.2972536,16.5,49027.0,49027.0,142611.42,160615.2,0.0,1.5821635,-0.84499
662.0,5.2972536,17.5,34200.0,34200.0,87212.06,81318.695,0.0,0.9280979,-1.0905068
662.0,5.2972536,18.5,23882.0,23882.0,118972.016,10130.47,0.0,0.064683855,2.2913241
662.0,5.2972536,19.5,18166.0,18166.0,155963.36,23309.395,0.0,-0.012241991,2.2423472
662.0,5.2972536,20.5,12929.0,12929.0,103238.664,54061.883,0.0,-0.23477516,0.9835836
662.0,5.2972536,21.5,6513.0,6513.0,32869.457,28827.865,0.0,-0.045948304,1.0179702
664.0,5.276641,0.5,0.0,0.0,0.0,0.0,0.0,0.0,0.0
664.0,5.276641,1.5,89396.0,89396.0,181960.16,27449.998,0.0,0.1787478,-2.941992
664.0,5.276641,2.5,77591.0,77591.0,154367.98,12418.612,0.0,-2.1052003,-0.42327178
664.0,5.276641,3.5,75828.0,75828.0,143404.73,33117.984,0.0,-2.1955807,-0.28350267
664.0,5.276641,4.5,92022.0,92022.0,168172.8,29800.684,0.0,-1.8902205,0.5616271
664.0,5.276641,5.5,118993.0,118993.0,194503.64,49628.793,0.0,-1.6510934,1.7287229
664.0,5.276641,6.5,129359.0,129359.0,234453.6,45566.133,0.0,-1.3774513,2.2842672
664.0,5.276641,7.5,128914.0,128914.0,183086.67,54487.402,0.0,-1.2413387,3.0566025
664.0,5.276641,8.5,129521.0,129521.0,274011.8,100650.39,0.0,-0.97998506,2.9848678
664.0,5.276641,9.5,127120.0,127120.0,145082.83,64539.34,0.0,-1.2846467,2.5615335
664.0,5.276641,10.5,122835.0,122835.0,46560.996,86490.61,0.0,-1.9251202,-2.78763
664.0,5.276641,11.5,115585.0,115585.0,113566.18,73825.21,0.0,2.280165,-0.8676849
664.0,5.276641,12.5,101799.0,101799.0,182334.67,180937.34,0.0,2.5578551,-2.0699253
664.0,5.276641,13.5,89233.0,89233.0,157253.4,158062.48,0.0,2.2424169,-1.4268034
664.0,5.276641,14.5,84577.0,84577.0,231488.39,149740.03,0.0,1.8000844,-1.1670959
664.0,5.276641,15.5,70515.0,70515.0,186745.36,159627.4,0.0,1.866594,-0.96122634
664.0,5.276641,16.5,50304.0,50304.0,134590.3,170299.12,0.0,1.5305988,-0.91392165
664.0,5.276641,17.5,33821.0,33821.0,91991.35,97827.5,0.0,1.0886722,-1.1961626
664.0,5.276641,18.5,23219.0,23219.0,118868.69,14204.655,0.0,0.1431224,-2.2082136
664.0,5.276641,19.5,17212.0,17212.0,145942.95,14524.521,0.0,0.032662608,2.5769947
664.0,5.276641,20.5,11775.0,11775.0,93858.81,43134.465,0.0,-0.25471598,0.76964575
664.0,5.276641,21.5,6493.0,6493.0,31742.13,37010.793,0.0,-0.48349547,0.7174027
666.0,5.2351584,0.5,0.0,0.0,0.0,0.0,0.0,0.0,0.0
666.0,5.2351584,1.5,89697.0,89697.0,257988.6,47004.07,0.0,0.13023065,-1.4987918
666.0,5.2351584,2.5,76242.0,76242.0,159147.27,36492.36,0.0,-1.7112106,-2.338763
666.0,5.2351584,3.5,74659.0,74659.0,173053.73,14637.66,0.0,-1.9507271,-0.7977901
666.0,5.2351584,4.5,93693.0,93693.0,144322.31,26670.28,0.0,-1.7715553,-0.8163701
666.0,5.2351584,5.5,122776.0,122776.0,133086.44,78459.266,0.0,-1.6201056,0.023341995
666.0,5.2351584,6.5,128519.0,128519.0,156664.1,30611.816,0.0,-1.6534137,-0.028206643
666.0,5.2351584,7.5,124523.0,124523.0,156399.42,53894.38,0.0,-1.349684,2.0083418
666.0,5.2351584,8.5,128657.0,128657.0,210635.67,120406.695,0.0,-1.2914821,2.843676
666.0,5.2351584,9.5,127922.0,127922.0,250515.47,130739.414,0.0,-1.3066301,3.1269693
666.0,5.2351584,10.5,124650.0,124650.0,145585.38,31150.674,0.0,-0.98649967,2.7336233
666.0,5.2351584,11.5,115249.0,115249.0,94883.34,42461.92,0.0,2.4709325,-3.1397123
666.0,5.2351584,12.5,104595.0,104595.0,162638.38,141180.88,0.0,2.6848836,-1.9745898
666.0,5.2351584,13.5,92712.0,92712.0,164337.81,143264.0,0.0,2.1462743,-1.8765408
666.0,5.2351584,14.5,80264.0,80264.0,209238.36,156883.16,0.0,1.7874876,-1.7414101
666.0,5.2351584,15.5,68287.0,68287.0,172775.8,145634.88,0.0,1.6596713,-1.1858371
666.0,5.2351584,16.5,52553.0,52553.0,101178.945,117987.11,0.0,1.4865482,-1.1596768
666.0,5.2351584,17.5,35863.0,35863.0,73451.78,75970.18,0.0,1.1525229,-1.4218158
666.0,5.2351584,18.5,22453.0,22453.0,83546.53,40933.953,0.0,0.28438208,-1.6077496
666.0,5.2351584,19.5,15070.0,15070.0,107684.914,16147.99,0.0,0.06498891,-2.974917
666.0,5.2351584,20.5,9703.0,9703.0,72808.2,7767.1055,0.0,0.10921912,1.3122277
666.0,5.2351584,21.5,6150.0,6150.0,29395.662,29500.441,0.0,-0.44544694,0.54885566
668.0,5.214323,0.5,0.0,0.0,0.0,0.0,0.0,0.0,0.0
668.0,5.214323,1.5,88495.0,88495.0,267850.7,55063.324,0.0,-0.004193804,-2.4142818
668.0,5.214323,2.5,76588.0,76588.0,125884.76,38095.168,0.0,-1.2989566,-2.484268
668.0,5.214323,3.5,73988.0,73988.0,219547.1,45429.992,0.0,-1.9154524,-2.1112921
668.0,5.214323,4.5,94522.0,94522.0,181277.67,40890.086,0.0,-1.7749299,-2.0120769
668.0,5.214323,5.5,123104.0,123104.0,172581.95,79019.055,0.0,-1.4362282,-0.92449427
668.0,5.214323,6.5,129041.0,129041.0,182794.89,19112.248,0.0,-1.3227167,-2.4086046
668.0,5.214323,7.5,123778.0,123778.0,106141.67,75485.59,0.0,-1.4123083,1.1208348
668.0,5.214323,8.5,129596.0,129596.0,152271.27,75662.336,0.0,-1.4207534,2.1522734
668.0,5.214323,9.5,127707.0,127707.0,213164.95,141063.95,0.0,-1.4731673,2.9297724
668.0,5.214323,10.5,124166.0,124166.0,188433.67,42038.31,0.0,-1.2097826,3.0673132
668.0,5.214323,11.5,115783.0,115783.0,104972.9,29151.543,0.0,3.0044239,2.6548376
668.0,5.214323,12.5,103602.0,103602.0,175453.9,124707.06,0.0,2.7677908,-2.4110444
668.0,5.214323,13.5,94776.0,94776.0,199727.97,192794.69,0.0,2.2946756,-1.9464018
668.0,5.214323,14.5,80661.0,80661.0,207017.6,162261.97,0.0,1.7521336,-1.7712572
668.0,5.214323,15.5,66987.0,66987.0,131963.31,124645.4,0.0,1.4864775,-1.5710847
668.0,5.214323,16.5,53598.0,53598.0,124691.38,107004.086,0.0,1.3888035,-1.0695672
668.0,5.214323,17.5,36631.0,36631.0,71472.21,66182.03,0.0,1.1183027,-1.6954547
668.0,5.214323,18.5,23212.0,23212.0,70029.8,39251.348,0.0,0.24051243,-2.0470262
668.0,5.214323,19.5,13746.0,13746.0,86174.56,6556.6626,0.0,0.042051345,-2.1060734
668.0,5.214323,20.5,9303.0,9303.0,73346.766,10625.778,0.0,0.06360567,1.5710675
668.0,5.214323,21.5,5644.0,5644.0,32994.523,21625.771,0.0,-0.23859067,0.6995748
670.0,5.170266,0.5,0.0,0.0,0.0,0.0,0.0,0.0,0.0
670.0,5.170266,1.5,88345.0,88345.0,200472.33,42874.22,0.0,0.27500907,-2.6904883
670.0,5.170266,2.5,76214.0,76214.0,156530.9,13963.268,0.0,-0.928522,2.9995546
670.0,5.170266,3.5,74418.0,74418.0,190983.55,41434.2,0.0,-1.7697093,2.7553425
670.0,5.170266,4.5,94676.0,94676.0,246721.47,65768.375,0.0,-1.7163992,3.075858
670.0,5.170266,5.5,120165.0,120165.0,209598.02,87019.96,0.0,-1.7564422,-2.434368
670.0,5.170266,6.5,127376.0,127376.0,201840.44,56201.105,0.0,-1.7834895,-2.5031025
670.0,5.170266,7.5,128580.0,128580.0,96301.945,7783.3604,0.0,-1.3643177,2.8434741
670.0,5.170266,8.5,129537.0,129537.0,142002.16,86950.875,0.0,-0.52469856,-2.7158463
670.0,5.170266,9.5,125601.0,125601.0,137906.92,127803.695,0.0,-0.815312,3.0803707
670.0,5.170266,10.5,121147.0,121147.0,73237.15,88610.54,0.0,-1.9360772,2.9793818
670.0,5.170266,11.5,114398.0,114398.0,67998.14,41784.887,0.0,-2.2211857,1.6364213
670.0,5.170266,12.5,106046.0,106046.0,203041.94,119572.85,0.0,2.7491314,-2.4421637
670.0,5.170266,13.5,99295.0,99295.0,332029.7,195194.67,0.0,2.6122785,-2.2313836
670.0,5.170266,14.5,82044.0,82044.0,204508.33,135151.33,0.0,2.1244104,-2.3705816
670.0,5.170266,15.5,67593.0,67593.0,114414.44,89227.95,0.0,1.2962595,-1.7618916
670.0,5.170266,16.5,53294.0,53294.0,144824.95,79585.22,0.0,1.2432824,-1.4997864
670.0,5.170266,17.5,38059.0,38059.0,92368.5,62315.62,0.0,1.080771,-1.9085038
670.0,5.170266,18.5,22701.0,22701.0,59773.84,28160.982,0.0,0.48758548,-1.8012841
670.0,5.170266,19.5,13218.0,13218.0,75322.94,7935.5815,0.0,-0.09009938,-2.6361003
670.0,5.170266,20.5,8410.0,8410.0,61431.14,13237.711,0.0,0.06389374,-1.3602428
670.0,5.170266,21.5,4610.0,4610.0,21603.08,21628.965,0.0,-0.41699108,0.121129416
672.0,5.1470466,0.5,0.0,0.0,0.0,0.0,0.0,0.0,0.0
672.0,5.1470466,1.5,88598.0,88598.0,177420.05,3708.4612,0.0,0.3135274,-2.4772892
672.0,5.1470466,2.5,76976.0,76976.0,160750.17,36792.8,0.0,-1.0380836,1.7767471
672.0,5.1470466,3.5,74793.0,74793.0,171532.02,32401.846,0.0,-1.6215636,2.4108496
672.0,5.1470466,4.5,95699.0,95699.0,231766.97,46555.797,0.0,-1.7171675,2.547182
672.0,5.1470466,5.5,122364.0,122364.0,215708.64,76552.15,0.0,-1.8110852,2.5275252
672.0,5.1470466,6.5,125032.0,125032.0,148623.25,58775.188,0.0,-1.6349458,2.8606937
672.0,5.1470466,7.5,128156.0,128156.0,116437.05,46452.71,0.0,-1.6912065,1.7867249
672.0,5.1470466,8.5,127622.0,127622.0,165551.92,67964.86,0.0,-0.73041517,-2.9874074
672.0,5.1470466,9.5,123546.0,123546.0,173488.34,156397.44,0.0,-0.4866146,2.7164142
672.0,5.1470466,10.5,121415.0,121415.0,80435.805,172248.34,0.0,-1.3731157,2.804208
672.0,5.1470466,11.5,114139.0,114139.0,83791.34,69227.336,0.0,-2.826705,2.0461898
672.0,5.1470466,12.5,108076.0,108076.0,145501.9,75032.1,0.0,2.8415506,-2.6072204
672.0,5.1470466,13.5,99053.0,99053.0,302541.5,229870.89,0.0,2.6497068,-2.4867218
672.0,5.1470466,14.5,81887.0,81887.0,210343.25,116943.164,0.0,2.2583368,-2.63067
672.0,5.1470466,15.5,68595.0,68595.0,175379.16,87165.24,0.0,1.6894137,-1.7222449
672.0,5.1470466,16.5,53225.0,53225.0,144286.5,48864.664,0.0,1.2750275,-1.7944815
672.0,5.1470466,17.5,38953.0,38953.0,108389.086,58465.117,0.0,1.0031438,-2.0588794
672.0,5.1470466,18.5,22182.0,22182.0,59349.402,35975.74,0.0,0.59294665,-1.793557
672.0,5.1470466,19.5,13480.0,13480.0,65321.36,21448.805,0.0,0.13698034,-2.398694
672.0,5.1470466,20.5,8240.0,8240.0,51960.527,8691.641,0.0,-0.044308625,-1.1335306
672.0,5.1470466,21.5,4442.0,4442.0,21549.615,15806.334,0.0,-0.2207216,-0.06888714
674.0,5.1003222,0.5,0.0,0.0,0.0,0.0,0.0,0.0,0.0
674.0,5.1003222,1.5,88675.0,88675.0,157241.17,52688.277,0.0,0.18369304,-2.3066604
674.0,5.1003222,2.5,76986.0,76986.0,144325.66,28466.885,0.0,-0.7010287,-0.60174847
674.0,5.1003222,3.5,74140.0,74140.0,177780.66,28178.008,0.0,-1.0530372,-0.6483338
674.0,5.1003222,4.5,90724.0,90724.0,176440.78,39300.234,0.0,-1.3639737,1.2303661
674.0,5.1003222,5.5,127144.0,127144.0,185174.94,90939.35,0.0,-1.8689018,1.8770506
674.0,5.1003222,6.5,129549.0,129549.0,155508.36,98337.164,0.0,-1.6570125,2.0358877
674.0,5.1003222,7.5,125399.0,125399.0,88395.21,35764.99,0.0,-2.0482183,2.53273
674.0,5.1003222,8.5,127673.0,127673.0,67158.74,37608.266,0.0,-0.8863623,-2.5896232
674.0,5.1003222,9.5,127447.0,127447.0,148975.08,129557.96,0.0,-1.4511105,2.7139654
674.0,5.1003222,10.5,124995.0,124995.0,90375.15,156212.84,0.0,-1.9369963,2.4480937
674.0,5.1003222,11.5,115237.0,115237.0,116018.64,114015.36,0.0,-1.9379388,1.4960775
674.0,5.1003222,12.5,103527.0,103527.0,175651.05,90701.5,0.0,3.1342902,1.9975291
674.0,5.1003222,13.5,93858.0,93858.0,256869.03,125528.59,0.0,2.4206324,-3.1268053
674.0,5.1003222,14.5,78252.0,78252.0,178905.53,135472.5,0.0,2.2924054,2.948052
674.0,5.1003222,15.5,65948.0,65948.0,178282.31,97917.555,0.0,1.5543715,3.0524523
674.0,5.1003222,16.5,57084.0,57084.0,171750.84,19814.168,0.0,1.3508036,-3.131314
674.0,5.1003222,17.5,41566.0,41566.0,148488.45,20849.248,0.0,0.9467147,-2.1583714
674.0,5.1003222,18.5,24711.0,24711.0,89834.2,29780.816,0.0,0.8977193,-1.7114146
674.0,5.1003222,19.5,13708.0,13708.0,46717.785,26065.105,0.0,0.41551292,-1.6219683
674.0,5.1003222,20.5,7888.0,7888.0,37131.13,11593.311,0.0,0.24129987,-1.7896633
674.0,5.1003222,21.5,4526.0,4526.0,29352.887,3201.8262,0.0,-0.27297568,0.43085355
676.0,5.076784,0.5,0.0,0.0,0.0,0.0,0.0,0.0,0.0
676.0,5.076784,1.5,88863.0,88863.0,173653.53,41821.652,0.0,0.35790026,-2.2329264
676.0,5.076784,2.5,76092.0,76092.0,108249.17,4886.752,0.0,-0.9344117,-1.6486048
676.0,5.076784,3.5,74308.0,74308.0,182303.89,21952.506,0.0,-0.80835265,-1.7000848
676.0,5.076784,4.5,90427.0,90427.0,176470.73,49051.402,0.0,-1.340858,-0.18150498
676.0,5.076784,5.5,120668.0,120668.0,187366.31,59561.29,0.0,-1.6184912,0.23293632
676.0,5.076784,6.5,131678.0,131678.0,156352.03,61674.47,0.0,-1.9037474,1.7168356
676.0,5.076784,7.5,126478.0,126478.0,89805.22,38967.418,0.0,-1.8751693,1.8554262
676.0,5.076784,8.5,129754.0,129754.0,79457.914,19066.527,0.0,-0.671892,-1.858677
676.0,5.076784,9.5,130857.0,130857.0,79458.81,69896.66,0.0,-1.4586797,2.5296533
676.0,5.076784,10.5,126697.0,126697.0,150886.56,164784.25,0.0,-2.26989,3.0780668
676.0,5.076784,11.5,116423.0,116423.0,164722.58,164918.58,0.0,-2.9141912,1.6209077
676.0,5.076784,12.5,102820.0,102820.0,154948.47,143658.47,0.0,2.879716,1.6972888
676.0,5.076784,13.5,90522.0,90522.0,219106.52,86801.02,0.0,2.3854487,2.6264963
676.0,5.076784,14.5,78800.0,78800.0,144348.88,124790.86,0.0,2.0393229,2.6774151
676.0,5.076784,15.5,62596.0,62596.0,134979.06,95248.484,0.0,1.5403278,2.464581
676.0,5.076784,16.5,54136.0,54136.0,153273.47,37030.906,0.0,1.179141,2.4943252
676.0,5.076784,17.5,42981.0,42981.0,150911.89,10440.98,0.0,0.8732762,-2.01545
676.0,5.076784,18.5,26795.0,26795.0,107770.94,36586.066,0.0,0.90148056,-1.9923036
676.0,5.076784,19.5,14906.0,14906.0,49644.566,30820.41,0.0,0.48748848,-1.5414917
676.0,5.076784,20.5,8202.0,8202.0,23408.994,23339.01,0.0,0.37923056,-1.4222196
676.0,5.076784,21.5,4595.0,4595.0,30323.236,5856.2183,0.0,-0.23152763,-1.1599725
679.0,5.024694,0.5,0.0,0.0,0.0,0.0,0.0,0.0,0.0
679.0,5.024694,1.5,87715.0,87715.0,140033.67,22810.172,0.0,0.4160919,2.9442677
679.0,5.024694,2.5,75572.0,75572.0,84027.62,46331.24,0.0,-0.78883225,2.6504483
679.0,5.024694,3.5,71991.0,71991.0,146861.75,58636.797,0.0,-0.8237783,2.9900215
679.0,5.024694,4.5,90262.0,90262.0,218451.03,60320.52,0.0,-1.318507,-1.5868373
679.0,5.024694,5.5,121014.0,121014.0,238800.55,75413.15,0.0,-1.5484726,-1.2076241
679.0,5.024694,6.5,125847.0,125847.0,186149.77,47871.582,0.0,-1.4317832,-0.54704607
679.0,5.024694,7.5,128142.0,128142.0,120758.52,24982.447,0.0,-1.3831109,-1.3253224
679.0,5.024694,8.5,135431.0,135431.0,112716.305,34122.96,0.0,-0.95161223,0.27780214
679.0,5.024694,9.5,130233.0,130233.0,136189.84,12636.743,0.0,-0.7347926,2.9928443
679.0,5.024694,10.5,127351.0,127351.0,16375.319,108239.93,0.0,-2.8569727,2.9937398
679.0,5.024694,11.5,118249.0,118249.0,181034.45,101143.3,0.0,2.9412894,1.5287873
679.0,5.024694,12.5,102428.0,102428.0,156447.7,202587.1,0.0,3.0060952,1.4670035
679.0,5.024694,13.5,94500.0,94500.0,177767.3,196821.52,0.0,2.9179366,1.9992834
679.0,5.024694,14.5,80981.0,80981.0,183921.52,160598.95,0.0,2.2507505,1.929104
679.0,5.024694,15.5,62759.0,62759.0,120558.11,94987.25,0.0,1.4225942,2.1115696
679.0,5.024694,16.5,48956.0,48956.0,104899.016,67198.27,0.0,0.80379456,1.7030289
679.0,5.024694,17.5,38097.0,38097.0,126996.055,17046.152,0.0,0.68388414,2.209252
679.0,5.024694,18.5,28487.0,28487.0,108993.18,32934.977,0.0,0.73847973,-1.8944501
679.0,5.024694,19.5,18466.0,18466.0,59795.957,47310.566,0.0,0.61380553,-1.6907384
679.0,5.024694,20.5,10297.0,10297.0,34749.574,27782.459,0.0,0.48371622,-1.7486868
679.0,5.024694,21.5,5555.0,5555.0,40974.992,23847.162,0.0,0.033217445,-1.4543082
681.0,4.998442,0.5,0.0,0.0,0.0,0.0,0.0,0.0,0.0
681.0,4.998442,1.5,86981.0,86981.0,160612.19,40234.3,0.0,0.41206667,3.0495763
681.0,4.998442,2.5,74917.0,74917.0,73458.02,27083.701,0.0,-0.53399146,1.9455677
681.0,4.998442,3.5,73626.0,73626.0,102813.95,48086.11,0.0,-0.7179109,2.9897017
681.0,4.998442,4.5,92200.0,92200.0,173123.44,76862.03,0.0,-1.1035191,-2.559217
681.0,4.998442,5.5,119883.0,119883.0,227638.94,68250.87,0.0,-1.5594219,-2.3197417
681.0,4.998442,6.5,127318.0,127318.0,190718.48,72080.53,0.0,-1.6058902,-1.480847
681.0,4.998442,7.5,126282.0,126282.0,140812.14,14753.747,0.0,-1.5067929,-2.3873525
681.0,4.998442,8.5,131337.0,131337.0,82349.67,47096.363,0.0,-0.95756453,1.3116316
681.0,4.998442,9.5,129319.0,129319.0,91615.49,38251.48,0.0,-0.9319789,0.62849003
681.0,4.998442,10.5,127353.0,127353.0,7219.628,24997.412,0.0,-2.6739607,2.6732416
681.0,4.998442,11.5,117921.0,117921.0,154943.92,108101.94,0.0,-3.091661,1.5704472
681.0,4.998442,12.5,103852.0,103852.0,122875.82,230247.33,0.0,-3.0004225,1.4396064
681.0,4.998442,13.5,93014.0,93014.0,160968.1,227625.61,0.0,2.9163842,1.7885154
681.0,4.998442,14.5,83131.0,83131.0,166465.7,152104.06,0.0,2.6737835,1.9736313
681.0,4.998442,15.5,65647.0,65647.0,113967.97,105714.234,0.0,1.5043991,1.6235882
681.0,4.998442,16.5,48601.0,48601.0,110646.3,74971.27,0.0,0.8162149,1.5577012
681.0,4.998442,17.5,36324.0,36324.0,115112.76,30624.611,0.0,0.6597863,2.1238763
681.0,4.998442,18.5,28367.0,28367.0,99274.164,22302.627,0.0,0.747677,-1.7440261
681.0,4.998442,19.5,18774.0,18774.0,48777.508,21091.328,0.0,0.5397243,-1.5411319
681.0,4.998442,20.5,10892.0,10892.0,43863.004,47809.914,0.0,0.17993574,-1.6766514
681.0,4.998442,21.5,5688.0,5688.0,34214.45,22296.71,0.0,0.09901687,-1.9848715
682.0,4.972099,0.5,0.0,0.0,0.0,0.0,0.0,0.0,0.0
682.0,4.972099,1.5,85960.0,85960.0,161603.28,17059.57,0.0,0.50773686,-2.3201704
682.0,4.972099,2.5,74777.0,74777.0,29217.014,24212.525,0.0,-1.3960906,-0.6851461
682.0,4.972099,3.5,73167.0,73167.0,53780.9,8442.937,0.0,-1.17317,2.3718963
682.0,4.972099,4.5,93350.0,93350.0,159455.95,59254.027,0.0,-1.2646928,2.3892488
682.0,4.972099,5.5,123238.0,123238.0,238252.31,68449.414,0.0,-1.4863681,-3.0098326
682.0,4.972099,6.5,129400.0,129400.0,223244.98,60923.39,0.0,-1.6412795,-1.857382
682.0,4.972099,7.5,124408.0,124408.0,113601.2,35302.594,0.0,-1.4245956,-0.750449
682.0,4.972099,8.5,129010.0,129010.0,38346.867,64262.758,0.0,-0.509714,-0.32283333
682.0,4.972099,9.5,126169.0,126169.0,63078.035,113255.67,0.0,-1.1411415,-0.41551077
682.0,4.972099,10.5,126199.0,126199.0,79286.516,18612.965,0.0,-2.7258077,-1.6292515
682.0,4.972099,11.5,119851.0,119851.0,111615.18,121302.09,0.0,-2.8334,1.2648952
682.0,4.972099,12.5,104879.0,104879.0,195067.92,206985.48,0.0,-2.8237944,1.0826015
682.0,4.972099,13.5,93367.0,93367.0,179875.1,214341.98,0.0,2.9669218,1.5734102
682.0,4.972099,14.5,83995.0,83995.0,157557.06,184272.48,0.0,2.733252,1.760842
682.0,4.972099,15.5,67359.0,67359.0,89783.99,146285.28,0.0,2.0795307,1.6350998
682.0,4.972099,16.5,48956.0,48956.0,89659.01,98322.37,0.0,0.8886054,1.3106433
682.0,4.972099,17.5,35582.0,35582.0,96602.64,26719.262,0.0,0.49739882,1.6898273
682.0,4.972099,18.5,26674.0,26674.0,85453.914,4955.776,0.0,0.77855885,1.0431385
682.0,4.972099,19.5,18986.0,18986.0,41799.848,25788.957,0.0,0.77393097,-1.459787
682.0,4.972099,20.5,11473.0,11473.0,40152.45,46174.39,0.0,0.0723908,-1.7135977
682.0,4.972099,21.5,6127.0,6127.0,33196.043,20340.424,0.0,0.24089989,-2.2487302
684.0,4.9455957,0.5,0.0,0.0,0.0,0.0,0.0,0.0,0.0
684.0,4.9455957,1.5,85860.0,85860.0,204675.17,28392.865,0.0,0.41187477,2.3068647
684.0,4.9455957,2.5,74546.0,74546.0,50486.004,10469.495,0.0,-1.6514341,-2.3019397
684.0,4.9455957,3.5,71203.0,71203.0,58942.473,30914.783,0.0,-1.2437618,0.047006045
684.0,4.9455957,4.5,92390.0,92390.0,161147.1,54265.312,0.0,-0.8679534,1.8918668
684.0,4.9455957,5.5,121759.0,121759.0,240785.73,61135.37,0.0,-1.290515,2.7895508
684.0,4.9455957,6.5,130088.0,130088.0,255393.78,73468.734,0.0,-1.4791201,-1.8123227
684.0,4.9455957,7.5,127841.0,127841.0,160129.11,76631.73,0.0,-1.4980892,-1.902724
684.0,4.9455957,8.5,126319.0,126319.0,50418.496,37366.496,0.0,-1.2369763,-1.1166283
684.0,4.9455957,9.5,127812.0,127812.0,28925.549,92049.93,0.0,1.035552,-1.3846172
684.0,4.9455957,10.5,124516.0,124516.0,89627.03,88463.15,0.0,-2.3558936,-0.9047958
684.0,4.9455957,11.5,120523.0,120523.0,112559.49,17849.031,0.0,-2.731952,1.3456368
684.0,4.9455957,12.5,107888.0,107888.0,216960.94,149048.34,0.0,-3.1044495,0.93046737
684.0,4.9455957,13.5,92970.0,92970.0,196645.02,188137.5,0.0,2.9078672,1.1774887
684.0,4.9455957,14.5,83962.0,83962.0,170790.4,171996.39,0.0,2.5983062,1.3622477
684.0,4.9455957,15.5,68161.0,68161.0,116922.67,189755.81,0.0,2.603601,1.3149894
684.0,4.9455957,16.5,48324.0,48324.0,74464.53,102896.56,0.0,1.268333,1.3513082
684.0,4.9455957,17.5,35018.0,35018.0,61883.707,49322.387,0.0,0.55094993,1.4766996
684.0,4.9455957,18.5,25813.0,25813.0,74212.91,20464.219,0.0,0.9093538,0.98198974
684.0,4.9455957,19.5,18750.0,18750.0,54244.766,29818.86,0.0,1.1892986,-1.0725021
684.0,4.9455957,20.5,11832.0,11832.0,33119.36,27521.88,0.0,0.22710565,-1.8335733
684.0,4.9455957,21.5,6625.0,6625.0,40516.195,24226.334,0.0,0.21992835,-2.166422
687.0,4.892248,0.5,0.0,0.0,0.0,0.0,0.0,0.0,0.0
687.0,4.892248,1.5,86085.0,86085.0,187479.83,27019.17,0.0,0.8325201,0.5215434
687.0,4.892248,2.5,74837.0,74837.0,54041.074,30873.684,0.0,-0.50660723,2.87515
687.0,4.892248,3.5,72418.0,72418.0,82136.78,49421.52,0.0,-1.4955556,-1.922881
687.0,4.892248,4.5,91092.0,91092.0,151957.75,76710.125,0.0,-1.0771505,-1.2524457
687.0,4.892248,5.5,118954.0,118954.0,251856.86,36783.637,0.0,-1.226104,-0.94922286
687.0,4.892248,6.5,121650.0,121650.0,203337.72,37124.715,0.0,-1.5251368,-2.6752968
687.0,4.892248,7.5,128740.0,128740.0,119905.35,58591.26,0.0,-1.6839356,-1.8263901
687.0,4.892248,8.5,133119.0,133119.0,89541.64,95367.414,0.0,-1.6876335,-1.2023649
687.0,4.892248,9.5,129548.0,129548.0,68888.91,141439.77,0.0,-0.9687544,-0.78881925
687.0,4.892248,10.5,124919.0,124919.0,58425.58,154100.34,0.0,1.1248994,-1.1697656
687.0,4.892248,11.5,118011.0,118011.0,47859.418,59147.598,0.0,1.6614479,-1.235249
687.0,4.892248,12.5,111431.0,111431.0,123872.77,46461.22,0.0,2.253234,1.3829489
687.0,4.892248,13.5,98410.0,98410.0,228732.28,116103.664,0.0,2.7198257,0.57776207
687.0,4.892248,14.5,81221.0,81221.0,224819.75,144935.0,0.0,2.6666124,0.57788354
687.0,4.892248,15.5,65484.0,65484.0,181355.67,144281.94,0.0,2.1639879,0.8329376
687.0,4.892248,16.5,48345.0,48345.0,99991.016,112351.56,0.0,1.7267032,1.0160655
687.0,4.892248,17.5,35154.0,35154.0,69815.586,75516.11,0.0,1.6049842,1.0060117
687.0,4.892248,18.5,26316.0,26316.0,91365.414,65274.086,0.0,1.613694,0.6136075
687.0,4.892248,19.5,18416.0,18416.0,69502.01,13447.892,0.0,1.0495648,-0.8083328
687.0,4.892248,20.5,11935.0,11935.0,42382.15,38778.066,0.0,0.31423753,-1.717081
687.0,4.892248,21.5,6769.0,6769.0,38590.96,25083.008,0.0,0.21468642,-2.0972176
689.0,4.8626695,0.5,0.0,0.0,0.0,0.0,0.0,0.0,0.0
689.0,4.8626695,1.5,85661.0,85661.0,178329.2,35011.953,0.0,0.8961588,-1.634875
689.0,4.8626695,2.5,74805.0,74805.0,66638.695,7334.52,0.0,-0.4869169,2.431425
689.0,4.8626695,3.5,72447.0,72447.0,55909.38,49770.844,0.0,-1.8328717,-2.1627655
689.0,4.8626695,4.5,90914.0,90914.0,168056.42,22132.28,0.0,-1.1707087,-1.7178549
689.0,4.8626695,5.5,124378.0,124378.0,253648.42,55594.46,0.0,-1.0265297,-1.5692133
689.0,4.8626695,6.5,124883.0,124883.0,194299.73,17253.428,0.0,-1.3934227,2.0066285
689.0,4.8626695,7.5,126737.0,126737.0,139876.12,54665.215,0.0,-1.5459687,-2.723567
689.0,4.8626695,8.5,133956.0,133956.0,5026.505,125830.77,0.0,2.7794638,-2.193067
689.0,4.8626695,9.5,130249.0,130249.0,83093.03,83067.75,0.0,-1.3265314,-1.2562104
689.0,4.8626695,10.5,122551.0,122551.0,101292.22,179578.78,0.0,-0.6963153,-1.3404052
689.0,4.8626695,11.5,113920.0,113920.0,50624.816,84499.336,0.0,-0.031526826,-1.3634648
689.0,4.8626695,12.5,111107.0,111107.0,65396.92,39791.32,0.0,2.2281597,0.41999167
689.0,4.8626695,13.5,99106.0,99106.0,183089.66,137373.12,0.0,2.6466315,0.27885538
689.0,4.8626695,14.5,80826.0,80826.0,243769.2,128346.125,0.0,2.5776553,0.69664204
689.0,4.8626695,15.5,66299.0,66299.0,187665.98,128020.74,0.0,2.1921225,0.6384456
689.0,4.8626695,16.5,50739.0,50739.0,154314.56,107510.84,0.0,1.8573139,0.55488425
689.0,4.8626695,17.5,35714.0,35714.0,88764.414,70925.46,0.0,1.7269899,0.55971116
689.0,4.8626695,18.5,25627.0,25627.0,103739.69,61645.812,0.0,1.454618,0.09503184
689.0,4.8626695,19.5,18001.0,18001.0,70321.98,11652.166,0.0,1.0720829,-0.67117673
689.0,4.8626695,20.5,10982.0,10982.0,39853.36,32458.55,0.0,0.45918876,-2.4239807
689.0,4.8626695,21.5,6764.0,6764.0,27500.207,20106.025,0.0,-0.09048276,-2.6093512
690.0,4.848723,0.5,0.0,0.0,0.0,0.0,0.0,0.0,0.0
690.0,4.848723,1.5,86206.0,86206.0,168746.3,23985.484,0.0,0.65442574,-1.2713425
690.0,4.848723,2.5,73318.0,73318.0,79948.92,10455.0,0.0,-1.0787598,3.0080533
690.0,4.848723,3.5,71645.0,71645.0,88809.08,37544.824,0.0,-1.6051463,2.7266269
690.0,4.848723,4.5,89578.0,89578.0,122861.44,46542.62,0.0,-1.4095237,-2.815913
690.0,4.848723,5.5,124328.0,124328.0,250356.17,77235.1,0.0,-1.1269778,-1.8099811
690.0,4.848723,6.5,128147.0,128147.0,199894.38,41521.004,0.0,-1.379767,3.1313953
690.0,4.848723,7.5,125637.0,125637.0,138135.27,45739.473,0.0,-1.3814148,-3.0807564
690.0,4.848723,8.5,135121.0,135121.0,2037.4911,90123.75,0.0,-1.4026351,-2.2765875
690.0,4.848723,9.5,130070.0,130070.0,76330.17,90201.86,0.0,-1.0152841,-1.5732205
690.0,4.848723,10.5,123747.0,123747.0,103088.266,168185.67,0.0,-1.2543474,-1.3477935
690.0,4.848723,11.5,111233.0,111233.0,52864.582,100784.586,0.0,-1.0282996,-1.5202116
690.0,4.848723,12.5,110237.0,110237.0,16485.791,84958.06,0.0,3.005383,-0.31903467
690.0,4.848723,13.5,97732.0,97732.0,171982.81,155184.44,0.0,2.7666826,0.09854047
690.0,4.848723,14.5,81212.0,81212.0,215957.23,126146.695,0.0,2.4486456,0.36118928
690.0,4.848723,15.5,68286.0,68286.0,223425.17,114720.305,0.0,2.289102,0.5566224
690.0,4.848723,16.5,52234.0,52234.0,168565.66,107764.32,0.0,1.884974,0.37061834
690.0,4.848723,17.5,36039.0,36039.0,95054.484,62015.316,0.0,1.5635387,0.49617
690.0,4.848723,18.5,24749.0,24749.0,91160.39,42155.87,0.0,1.4224292,-0.11193385
690.0,4.848723,19.5,17249.0,17249.0,71528.03,12339.295,0.0,1.0605602,-0.38251257
690.0,4.848723,20.5,10910.0,10910.0,41889.477,30294.764,0.0,0.4221807,-2.6135285
690.0,4.848723,21.5,6790.0,6790.0,23343.002,16263.731,0.0,0.09916491,-2.6660805
692.0,4.806665,0.5,0.0,0.0,0.0,0.0,0.0,0.0,0.0
692.0,4.806665,1.5,85383.0,85383.0,158125.89,45407.137,0.0,0.7771085,-1.4281461
692.0,4.806665,2.5,73014.0,73014.0,65569.79,20335.43,0.0,-1.4823296,0.8957889
692.0,4.806665,3.5,71267.0,71267.0,84736.2,54149.066,0.0,-1.3985246,1.6367354
692.0,4.806665,4.5,85070.0,85070.0,140771.84,19942.498,0.0,-1.0604441,3.0039322
692.0,4.806665,5.5,117322.0,117322.0,197168.33,40419.02,0.0,-1.0066973,2.0296934
692.0,4.806665,6.5,130408.0,130408.0,200264.95,36871.914,0.0,-1.0063401,2.7666585
692.0,4.806665,7.5,135883.0,135883.0,124038.9,54646.508,0.0,-1.3286675,2.336954
692.0,4.806665,8.5,134726.0,134726.0,95857.63,107343.336,0.0,-1.0203557,-2.2987742
692.0,4.806665,9.5,130094.0,130094.0,50609.543,60293.82,0.0,-2.1763947,-1.4820817
692.0,4.806665,10.5,126169.0,126169.0,58233.484,166510.58,0.0,-2.7408905,-1.7491081
692.0,4.806665,11.5,114372.0,114372.0,90041.055,213494.12,0.0,-2.2281942,-1.9482565
692.0,4.806665,12.5,105576.0,105576.0,139743.9,168965.48,0.0,-2.5053382,-1.6134193
692.0,4.806665,13.5,94572.0,94572.0,146050.38,120337.99,0.0,-3.1057663,-1.2119652
692.0,4.806665,14.5,82153.0,82153.0,191531.5,121631.71,0.0,2.6178505,-0.56976986
692.0,4.806665,15.5,68855.0,68855.0,196020.3,111376.14,0.0,2.242774,-0.047728226
692.0,4.806665,16.5,57440.0,57440.0,152947.34,68781.73,0.0,2.0567658,0.39557683
692.0,4.806665,17.5,38080.0,38080.0,96942.19,41617.504,0.0,1.695732,0.24184059
692.0,4.806665,18.5,22882.0,22882.0,64013.78,5556.4014,0.0,0.9182627,-0.1547273
692.0,4.806665,19.5,15235.0,15235.0,68686.5,20434.271,0.0,1.0539201,0.46824095
692.0,4.806665,20.5,11339.0,11339.0,44197.625,5150.153,0.0,0.78610545,2.8149343
692.0,4.806665,21.5,6783.0,6783.0,18837.666,11374.461,0.0,0.3980835,2.9745493
694.0,4.778461,0.5,0.0,0.0,0.0,0.0,0.0,0.0,0.0
694.0,4.778461,1.5,83641.0,83641.0,99126.55,32888.39,0.0,0.7229903,-0.42367947
694.0,4.778461,2.5,74391.0,74391.0,70746.36,40630.34,0.0,-1.6073694,-0.88562965
694.0,4.778461,3.5,70045.0,70045.0,107399.45,30185.86,0.0,-1.1700194,-0.04880943
694.0,4.778461,4.5,87916.0,87916.0,138716.8,38795.4,0.0,-0.9270924,1.8720907
694.0,4.778461,5.5,117720.0,117720.0,184246.45,48667.47,0.0,-0.7475345,1.8654047
694.0,4.778461,6.5,123795.0,123795.0,221173.69,38392.285,0.0,-0.8576615,2.507945
694.0,4.778461,7.5,134212.0,134212.0,137089.23,73153.19,0.0,-0.84094036,2.3302126
694.0,4.778461,8.5,136346.0,136346.0,34506.402,74473.73,0.0,2.6611426,-2.8320534
694.0,4.778461,9.5,131089.0,131089.0,23490.586,79368.87,0.0,2.9378877,-2.9679406
694.0,4.778461,10.5,129266.0,129266.0,35297.312,95929.5,0.0,2.9699733,-2.1366582
694.0,4.778461,11.5,118062.0,118062.0,90886.54,182700.73,0.0,-2.401424,-2.1834083
694.0,4.778461,12.5,105736.0,105736.0,149387.42,143268.47,0.0,-2.7879913,-2.055376
694.0,4.778461,13.5,94833.0,94833.0,196163.86,142063.83,0.0,-3.0043073,-1.792247
694.0,4.778461,14.5,79656.0,79656.0,195376.2,87787.13,0.0,2.7627978,-0.9484943
694.0,4.778461,15.5,67285.0,67285.0,198402.47,78726.664,0.0,2.1823754,-0.2757239
694.0,4.778461,16.5,55089.0,55089.0,132442.53,9074.635,0.0,2.008241,-0.29495534
694.0,4.778461,17.5,40794.0,40794.0,88185.37,36549.38,0.0,1.603125,0.048634943
694.0,4.778461,18.5,24596.0,24596.0,63786.242,32596.445,0.0,1.0890621,0.13569243
694.0,4.778461,19.5,15283.0,15283.0,63170.508,25433.674,0.0,1.1715654,0.08986014
694.0,4.778461,20.5,10881.0,10881.0,43588.926,4178.8804,0.0,0.84935445,1.7398825
694.0,4.778461,21.5,6972.0,6972.0,29076.541,18778.969,0.0,0.20908451,2.881385
698.0,4.720187,0.5,0.0,0.0,0.0,0.0,0.0,0.0,0.0
698.0,4.720187,1.5,84067.0,84067.0,93118.11,18664.875,0.0,-0.03044368,-1.8410527
698.0,4.720187,2.5,73783.0,73783.0,60618.4,50256.254,0.0,-2.084334,2.543487
698.0,4.720187,3.5,70783.0,70783.0,63307.74,33338.234,0.0,-1.69358,-2.64229
698.0,4.720187,4.5,90669.0,90669.0,101051.26,33263.484,0.0,-1.0896695,-0.73786974
698.0,4.720187,5.5,122444.0,122444.0,158800.3,56319.105,0.0,-0.48674965,-0.07885135
698.0,4.720187,6.5,126398.0,126398.0,172457.44,47342.65,0.0,-0.6643306,-0.04659227
698.0,4.720187,7.5,122888.0,122888.0,108300.52,70521.35,0.0,-1.4012604,1.0962223
698.0,4.720187,8.5,132571.0,132571.0,43280.188,65306.332,0.0,-1.5284586,1.4768085
698.0,4.720187,9.5,131692.0,131692.0,20174.633,65944.34,0.0,2.4646358,1.3138515
698.0,4.720187,10.5,128958.0,128958.0,34400.566,41929.516,0.0,-2.863892,3.0347798
698.0,4.720187,11.5,124594.0,124594.0,51036.332,160092.61,0.0,-2.2916267,-2.2372525
698.0,4.720187,12.5,109990.0,109990.0,21862.123,251083.17,0.0,2.7273216,-1.86855
698.0,4.720187,13.5,92930.0,92930.0,117916.66,203168.28,0.0,2.8887744,-1.9885007
698.0,4.720187,14.5,80859.0,80859.0,217999.75,150462.66,0.0,2.4060762,-1.9953392
698.0,4.720187,15.5,64351.0,64351.0,193625.69,47988.164,0.0,2.4313786,-2.7290225
698.0,4.720187,16.5,50432.0,50432.0,143199.72,17673.273,0.0,2.0841722,-1.9603548
698.0,4.720187,17.5,40249.0,40249.0,92323.78,11045.129,0.0,1.7585542,1.3437287
698.0,4.720187,18.5,27894.0,27894.0,64637.31,16938.816,0.0,1.4762572,-0.070333585
698.0,4.720187,19.5,16250.0,16250.0,45859.633,17429.578,0.0,1.1832217,-0.53718483
698.0,4.720187,20.5,10470.0,10470.0,35601.47,5017.5454,0.0,0.61481106,-2.5609565
698.0,4.720187,21.5,6932.0,6932.0,36337.652,35710.594,0.0,-0.10764832,1.994465
704.0,4.6222377,0.5,0.0,0.0,0.0,0.0,0.0,0.0,0.0
704.0,4.6222377,1.5,82674.0,82674.0,166536.6,53229.582,0.0,0.7231583,2.554163
704.0,4.6222377,2.5,72140.0,72140.0,66983.84,25574.24,0.0,-1.9674959,-2.0773063
704.0,4.6222377,3.5,70751.0,70751.0,83254.305,10171.105,0.0,-1.5937301,1.185224
704.0,4.6222377,4.5,85478.0,85478.0,110078.81,25539.807,0.0,-1.3501682,1.5240184
704.0,4.6222377,5.5,115866.0,115866.0,135032.11,19813.18,0.0,-1.3730918,1.4926084
704.0,4.6222377,6.5,122755.0,122755.0,150637.17,24341.621,0.0,-1.3306916,-2.802563
704.0,4.6222377,7.5,124573.0,124573.0,80396.55,43967.367,0.0,-1.881337,1.3453628
704.0,4.6222377,8.5,132963.0,132963.0,125934.37,40053.71,0.0,-2.821719,1.7628446
704.0,4.6222377,9.5,138060.0,138060.0,107800.375,26374.875,0.0,2.744315,-3.0605593
704.0,4.6222377,10.5,134579.0,134579.0,108204.63,25805.633,0.0,2.1943798,-0.8526077
704.0,4.6222377,11.5,122557.0,122557.0,69121.05,9717.777,0.0,0.3431589,-0.6598866
704.0,4.6222377,12.5,109927.0,109927.0,39103.812,40396.117,0.0,-1.7567226,2.6052766
704.0,4.6222377,13.5,97447.0,97447.0,120835.16,137625.83,0.0,3.0599892,3.009762
704.0,4.6222377,14.5,83253.0,83253.0,105402.766,149126.64,0.0,2.8475509,2.908892
704.0,4.6222377,15.5,66699.0,66699.0,45423.113,116603.67,0.0,2.5627725,2.689172
704.0,4.6222377,16.5,49104.0,49104.0,40214.215,105842.91,0.0,1.8303187,2.5187893
704.0,4.6222377,17.5,38109.0,38109.0,54341.395,94702.65,0.0,1.8208979,2.5068083
704.0,4.6222377,18.5,26156.0,26156.0,37746.746,48396.074,0.0,1.469943,2.490137
704.0,4.6222377,19.5,16003.0,16003.0,27396.67,15514.246,0.0,0.64272845,2.9211295
704.0,4.6222377,20.5,9171.0,9171.0,26644.87,7772.7446,0.0,0.39578754,1.0133355
704.0,4.6222377,21.5,5777.0,5777.0,31057.182,30548.771,0.0,-0.5082442,1.2965237
706.0,4.5770884,0.5,0.0,0.0,0.0,0.0,0.0,0.0,0.0
706.0,4.5770884,1.5,82712.0,82712.0,165675.45,26660.967,0.0,0.62919253,1.6433538
706.0,4.5770884,2.5,72431.0,72431.0,55746.44,11550.125,0.0,-1.2830508,1.8130692
706.0,4.5770884,3.5,70204.0,70204.0,78239.914,26514.088,0.0,-1.6421264,-1.2962904
706.0,4.5770884,4.5,87717.0,87717.0,100123.305,24340.842,0.0,-1.459602,-0.66439205
706.0,4.5770884,5.5,123598.0,123598.0,131878.44,59988.492,0.0,-1.5570617,0.10017727
706.0,4.5770884,6.5,127637.0,127637.0,130971.586,39566.21,0.0,-1.2169611,0.11099536
706.0,4.5770884,7.5,122093.0,122093.0,121026.336,69833.266,0.0,-0.9626078,0.30182725
706.0,4.5770884,8.5,125716.0,125716.0,62472.125,32158.264,0.0,-2.2856956,0.754127
706.0,4.5770884,9.5,130972.0,130972.0,75340.266,81934.9,0.0,2.570804,1.8194766
706.0,4.5770884,10.5,127059.0,127059.0,180188.25,33694.4,0.0,2.0621142,2.6995008
706.0,4.5770884,11.5,119026.0,119026.0,107872.78,9341.017,0.0,1.1655892,1.8894947
706.0,4.5770884,12.5,112367.0,112367.0,46231.797,61025.758,0.0,-0.47289446,1.4313955
706.0,4.5770884,13.5,97286.0,97286.0,55930.97,96536.01,0.0,3.0114067,2.7095993
706.0,4.5770884,14.5,86848.0,86848.0,130099.95,123349.22,0.0,-3.0752256,3.0398507
706.0,4.5770884,15.5,69459.0,69459.0,56227.008,141058.55,0.0,-2.2676127,2.5440884
706.0,4.5770884,16.5,51425.0,51425.0,2435.4016,77374.75,0.0,-2.9703605,2.3483987
706.0,4.5770884,17.5,37534.0,37534.0,52267.023,46421.99,0.0,0.7289272,2.0871384
706.0,4.5770884,18.5,27268.0,27268.0,57582.3,58382.812,0.0,1.3924413,2.0066977
706.0,4.5770884,19.5,17345.0,17345.0,40169.934,36976.723,0.0,1.296143,1.4083967
706.0,4.5770884,20.5,10220.0,10220.0,26357.6,12436.58,0.0,0.6622572,0.7667973
706.0,4.5770884,21.5,5682.0,5682.0,18558.973,22321.246,0.0,-0.36858925,0.9621228
708.0,4.552132,0.5,0.0,0.0,0.0,0.0,0.0,0.0,0.0
708.0,4.552132,1.5,82510.0,82510.0,137466.22,29043.668,0.0,0.46658778,2.4789758
708.0,4.552132,2.5,71329.0,71329.0,57141.688,19318.262,0.0,-1.1392938,-1.2965837
708.0,4.552132,3.5,69090.0,69090.0,72341.91,22675.465,0.0,-1.5000082,-2.4542477
708.0,4.552132,4.5,83979.0,83979.0,120785.62,16505.953,0.0,-1.2626166,-2.9427862
708.0,4.552132,5.5,120565.0,120565.0,134300.23,15473.274,0.0,-1.509326,-2.0821261
708.0,4.552132,6.5,132254.0,132254.0,107169.555,66720.34,0.0,-1.2133368,-1.0541835
708.0,4.552132,7.5,128439.0,128439.0,122651.79,79994.16,0.0,-1.6284393,-0.52262044
708.0,4.552132,8.5,126706.0,126706.0,119142.164,27682.383,0.0,-2.4724827,-1.7339165
708.0,4.552132,9.5,128880.0,128880.0,86671.79,72185.24,0.0,2.946879,1.5731814
708.0,4.552132,10.5,121513.0,121513.0,112060.12,29607.441,0.0,1.7760854,1.9939654
708.0,4.552132,11.5,115979.0,115979.0,193621.19,27823.068,0.0,1.3555992,2.606702
708.0,4.552132,12.5,110317.0,110317.0,49129.66,65647.86,0.0,-0.58460474,0.88502187
708.0,4.552132,13.5,99187.0,99187.0,63715.97,96295.8,0.0,-2.315333,1.5736376
708.0,4.552132,14.5,86793.0,86793.0,117113.02,108763.23,0.0,-3.0735583,2.4882705
708.0,4.552132,15.5,70964.0,70964.0,61669.8,141968.03,0.0,-1.9109691,2.3245816
708.0,4.552132,16.5,54284.0,54284.0,41377.434,88462.21,0.0,-1.515387,2.525629
708.0,4.552132,17.5,37602.0,37602.0,43072.64,19009.975,0.0,0.7128549,1.746104
708.0,4.552132,18.5,26376.0,26376.0,46846.234,30728.092,0.0,0.939056,2.1057844
708.0,4.552132,19.5,17554.0,17554.0,42476.76,37341.59,0.0,1.1362227,1.0938066
708.0,4.552132,20.5,10858.0,10858.0,31801.062,29601.709,0.0,0.7500034,0.5525437
708.0,4.552132,21.5,6325.0,6325.0,18902.795,29624.822,0.0,-0.2686328,0.68968284
711.0,4.501815,0.5,0.0,0.0,0.0,0.0,0.0,0.0,0.0
711.0,4.501815,1.5,78352.0,78352.0,92166.78,7854.1904,0.0,0.42716247,2.255969
711.0,4.501815,2.5,68020.0,68020.0,58456.875,6764.622,0.0,-1.4153764,-3.0887916
711.0,4.501815,3.5,62719.0,62719.0,92795.38,31672.05,0.0,-1.534942,2.5481217
711.0,4.501815,4.5,79108.0,79108.0,100500.164,8464.783,0.0,-1.1956394,2.764719
711.0,4.501815,5.5,106229.0,106229.0,137633.52,28191.354,0.0,-1.4695083,-2.492787
711.0,4.501815,6.5,115942.0,115942.0,74312.59,50148.375,0.0,-1.6540909,3.1033049
711.0,4.501815,7.5,125289.0,125289.0,91962.03,82099.24,0.0,-1.3522677,-2.2952824
711.0,4.501815,8.5,131724.0,131724.0,53269.98,70982.42,0.0,-2.8081396,-2.0515275
711.0,4.501815,9.5,126986.0,126986.0,77173.71,32265.777,0.0,1.8682175,2.1176915
711.0,4.501815,10.5,123814.0,123814.0,96864.09,107684.31,0.0,1.827776,1.6797335
711.0,4.501815,11.5,115200.0,115200.0,61908.844,82013.484,0.0,1.254478,1.044596
711.0,4.501815,12.5,104710.0,104710.0,63300.977,38962.875,0.0,1.9528786,-1.1081706
711.0,4.501815,13.5,98765.0,98765.0,109822.01,78191.414,0.0,-2.4370267,0.11156731
711.0,4.501815,14.5,82768.0,82768.0,121084.77,64259.84,0.0,-2.5743876,0.6107315
711.0,4.501815,15.5,70299.0,70299.0,76431.85,56630.082,0.0,-2.6881325,1.6056042
711.0,4.501815,16.5,54008.0,54008.0,34788.523,50984.215,0.0,-1.3110119,2.4313383
711.0,4.501815,17.5,38804.0,38804.0,26175.61,9870.025,0.0,-0.48990834,1.0340854
711.0,4.501815,18.5,28880.0,28880.0,24417.62,14091.478,0.0,0.07736987,1.0043099
711.0,4.501815,19.5,18152.0,18152.0,20016.465,6067.1597,0.0,0.65182346,1.7563068
711.0,4.501815,20.5,10553.0,10553.0,28225.242,19706.248,0.0,0.6466924,0.0043044575
711.0,4.501815,21.5,6996.0,6996.0,17182.25,32430.852,0.0,0.04043036,0.056379363
712.0,4.489422,0.5,0.0,0.0,0.0,0.0,0.0,0.0,0.0
712.0,4.489422,1.5,77597.0,77597.0,87368.95,33949.977,0.0,0.62567043,-0.8698504
712.0,4.489422,2.5,68754.0,68754.0,46655.582,19082.598,0.0,-0.32700264,2.0533304
712.0,4.489422,3.5,63007.0,63007.0,45464.93,18522.184,0.0,-1.0988886,1.3206663
712.0,4.489422,4.5,79147.0,79147.0,84003.59,22977.994,0.0,-1.4645092,3.0035942
712.0,4.489422,5.5,107295.0,107295.0,146719.44,19331.387,0.0,-1.5364271,3.0155668
712.0,4.489422,6.5,114256.0,114256.0,89950.305,25931.467,0.0,-1.5984745,-3.0303094
712.0,4.489422,7.5,121186.0,121186.0,68028.73,77052.07,0.0,-1.8471895,-2.610988
712.0,4.489422,8.5,132241.0,132241.0,53945.406,60245.777,0.0,-1.8759454,-2.865249
712.0,4.489422,9.5,129982.0,129982.0,58853.117,8822.598,0.0,1.777993,-0.6870994
712.0,4.489422,10.5,124490.0,124490.0,95177.55,93387.336,0.0,1.958716,1.6478398
712.0,4.489422,11.5,115523.0,115523.0,49831.793,67015.18,0.0,1.3498017,0.80489945
712.0,4.489422,12.5,104499.0,104499.0,34972.35,23962.188,0.0,1.9879936,0.04443955
712.0,4.489422,13.5,96539.0,96539.0,94042.055,70408.83,0.0,-2.4172583,-0.13261187
712.0,4.489422,14.5,82004.0,82004.0,109997.266,53835.08,0.0,-2.7254577,0.34703854
712.0,4.489422,15.5,70358.0,70358.0,89506.73,41476.74,0.0,-2.9014277,1.5896255
712.0,4.489422,16.5,53438.0,53438.0,38955.76,49188.945,0.0,-2.2623713,2.4002292
712.0,4.489422,17.5,38384.0,38384.0,30159.627,8023.739,0.0,-0.54803455,1.104997
712.0,4.489422,18.5,29242.0,29242.0,30977.654,11593.699,0.0,-0.14048989,0.10958867
712.0,4.489422,19.5,18720.0,18720.0,19916.781,6004.747,0.0,0.26774678,2.0308144
712.0,4.489422,20.5,10787.0,10787.0,28532.322,19129.604,0.0,0.4605646,-0.1458898
712.0,4.489422,21.5,6993.0,6993.0,13777.6,30128.516,0.0,0.1895547,-0.015415395
714.0,4.4519887,0.5,0.0,0.0,0.0,0.0,0.0,0.0,0.0
714.0,4.4519887,1.5,75994.0,75994.0,35659.55,11115.773,0.0,0.6544137,-2.9895022
714.0,4.4519887,2.5,65054.0,65054.0,54390.652,19624.51,0.0,-1.4798334,-0.009986502
714.0,4.4519887,3.5,60769.0,60769.0,42094.582,16953.408,0.0,-1.4573084,0.36842352
714.0,4.4519887,4.5,76446.0,76446.0,73103.99,34569.34,0.0,-1.1275511,1.4804338
714.0,4.4519887,5.5,108937.0,108937.0,81256.73,33278.6,0.0,-1.4531685,2.3702984
714.0,4.4519887,6.5,115473.0,115473.0,66423.836,42166.25,0.0,-2.018204,2.9082134
714.0,4.4519887,7.5,114962.0,114962.0,52457.176,46980.086,0.0,-2.7208107,-2.5081377
714.0,4.4519887,8.5,128756.0,128756.0,72848.13,39638.562,0.0,-2.3685288,-1.4012678
714.0,4.4519887,9.5,131455.0,131455.0,40403.254,70653.99,0.0,-2.4612854,-2.6656935
714.0,4.4519887,10.5,125899.0,125899.0,69068.52,127501.336,0.0,2.4913886,2.2258
714.0,4.4519887,11.5,117617.0,117617.0,77644.51,91795.74,0.0,2.1617484,1.2595892
714.0,4.4519887,12.5,105207.0,105207.0,105541.33,35744.617,0.0,1.8075562,-0.2019505
714.0,4.4519887,13.5,94952.0,94952.0,91322.25,106753.82,0.0,-1.8635591,0.140108
714.0,4.4519887,14.5,78693.0,78693.0,73579.34,103368.98,0.0,-2.8353631,0.18822603
714.0,4.4519887,15.5,63730.0,63730.0,110322.63,44152.75,0.0,2.9709935,1.314523
714.0,4.4519887,16.5,53347.0,53347.0,89348.21,57439.594,0.0,2.9493418,2.0230842
714.0,4.4519887,17.5,39233.0,39233.0,4769.1562,20604.219,0.0,-2.9751496,2.3088224
714.0,4.4519887,18.5,28951.0,28951.0,32321.785,5016.2876,0.0,-0.4555918,-0.33437592
714.0,4.4519887,19.5,19407.0,19407.0,38913.75,23398.064,0.0,-0.23711321,0.12468153
714.0,4.4519887,20.5,12037.0,12037.0,33545.492,22876.57,0.0,0.29158056,-0.13547249
714.0,4.4519887,21.5,6698.0,6698.0,13741.166,20803.8,0.0,0.03532579,-0.49875408
716.0,4.425637,0.5,0.0,0.0,0.0,0.0,0.0,0.0,0.0
716.0,4.425637,1.5,74462.0,74462.0,50259.625,47773.79,0.0,0.1366579,-1.4142671
716.0,4.425637,2.5,64360.0,64360.0,67534.24,19734.814,0.0,-1.8692626,-1.7456882
716.0,4.425637,3.5,61132.0,61132.0,45402.766,19235.727,0.0,-1.6528634,-2.378094
716.0,4.425637,4.5,73821.0,73821.0,72910.32,19570.293,0.0,-1.2517688,0.5653199
716.0,4.425637,5.5,103214.0,103214.0,104927.586,15044.902,0.0,-1.2202601,-0.25572038
716.0,4.425637,6.5,116174.0,116174.0,69255.21,35193.168,0.0,-1.2577734,2.4037752
716.0,4.425637,7.5,116301.0,116301.0,26484.23,56399.176,0.0,-1.8015856,-3.0988185
716.0,4.425637,8.5,124560.0,124560.0,88911.23,29409.326,0.0,-2.8053675,3.1035373
716.0,4.425637,9.5,130213.0,130213.0,75377.79,61324.406,0.0,3.1324775,2.5786042
716.0,4.425637,10.5,128961.0,128961.0,128402.09,61471.035,0.0,2.639073,1.517327
716.0,4.425637,11.5,118489.0,118489.0,85457.195,102923.78,0.0,1.9117079,1.0298753
716.0,4.425637,12.5,106138.0,106138.0,81329.2,16949.963,0.0,1.7531394,0.64147776
716.0,4.425637,13.5,95073.0,95073.0,26465.334,88240.29,0.0,-2.0000324,-0.13392137
716.0,4.425637,14.5,77365.0,77365.0,77340.305,138772.48,0.0,-2.832108,0.1885281
716.0,4.425637,15.5,61021.0,61021.0,79728.36,63952.953,0.0,2.7668452,0.79408646
716.0,4.425637,16.5,49644.0,49644.0,74480.35,49989.082,0.0,2.7373772,1.3236468
716.0,4.425637,17.5,40455.0,40455.0,7455.1914,16222.707,0.0,1.079606,1.0062991
716.0,4.425637,18.5,29784.0,29784.0,30441.04,22319.76,0.0,-0.19648136,-0.3436136
716.0,4.425637,19.5,18783.0,18783.0,43526.98,29801.316,0.0,-0.21704134,0.07969876
716.0,4.425637,20.5,11396.0,11396.0,33895.84,31405.393,0.0,-0.03898545,-0.33953556
716.0,4.425637,21.5,7222.0,7222.0,18406.592,16366.862,0.0,0.076465584,-0.56430423
718.0,4.3840175,0.5,0.0,0.0,0.0,0.0,0.0,0.0,0.0
718.0,4.3840175,1.5,71458.0,71458.0,106716.586,25697.729,0.0,-0.014938086,-2.8506043
718.0,4.3840175,2.5,61805.0,61805.0,58265.266,13100.189,0.0,-2.000359,0.16620655
718.0,4.3840175,3.5,59630.0,59630.0,58930.97,18704.107,0.0,-1.0334855,-2.3115554
718.0,4.3840175,4.5,71028.0,71028.0,68022.11,37574.523,0.0,-1.4635551,-2.1614242
718.0,4.3840175,5.5,97667.0,97667.0,69644.625,29542.697,0.0,-1.2802322,0.68807554
718.0,4.3840175,6.5,107605.0,107605.0,41332.66,10832.652,0.0,-1.8205162,1.191691
718.0,4.3840175,7.5,114873.0,114873.0,26281.623,72758.49,0.0,2.6879194,1.7831448
718.0,4.3840175,8.5,122092.0,122092.0,58873.145,58773.69,0.0,2.8681788,2.8017716
718.0,4.3840175,9.5,127080.0,127080.0,89556.89,51399.184,0.0,2.4252555,-2.3039742
718.0,4.3840175,10.5,127089.0,127089.0,124883.41,53098.535,0.0,2.3091745,2.8260484
718.0,4.3840175,11.5,119337.0,119337.0,87752.29,57925.664,0.0,1.9851305,1.6789018
718.0,4.3840175,12.5,106704.0,106704.0,69334.24,35378.082,0.0,-0.12703381,-1.3706398
718.0,4.3840175,13.5,96725.0,96725.0,45501.86,119068.234,0.0,-1.2077533,-0.40177315
718.0,4.3840175,14.5,77992.0,77992.0,38713.188,127856.46,0.0,-3.0180955,0.27420837
718.0,4.3840175,15.5,58176.0,58176.0,47861.47,48872.855,0.0,1.8760922,0.47755158
718.0,4.3840175,16.5,47422.0,47422.0,43196.21,58334.246,0.0,1.5853361,-0.062389754
718.0,4.3840175,17.5,38967.0,38967.0,26057.951,65596.34,0.0,1.5738302,-0.43652335
718.0,4.3840175,18.5,30660.0,30660.0,32259.184,70146.32,0.0,0.09518638,-0.5968184
718.0,4.3840175,19.5,19238.0,19238.0,55802.504,40359.562,0.0,-0.49290064,-0.57751334
718.0,4.3840175,20.5,11112.0,11112.0,21525.824,17135.041,0.0,-0.07481349,-0.17980206
718.0,4.3840175,21.5,6663.0,6663.0,18089.48,15159.55,0.0,0.29967475,-0.79542714
720.0,4.356077,0.5,0.0,0.0,0.0,0.0,0.0,0.0,0.0
720.0,4.356077,1.5,69644.0,69644.0,100095.83,9869.417,0.0,0.30785367,-1.3486751
720.0,4.356077,2.5,61649.0,61649.0,76654.73,34263.21,0.0,-1.5336987,2.2048128
720.0,4.356077,3.5,58458.0,58458.0,57668.723,27910.396,0.0,-1.7252351,2.0048447
720.0,4.356077,4.5,67427.0,67427.0,74648.13,21443.225,0.0,-1.49164,-1.9939364
720.0,4.356077,5.5,98090.0,98090.0,131200.5,35481.527,0.0,-1.4713736,-1.6519958
720.0,4.356077,6.5,103661.0,103661.0,59154.688,46237.9,0.0,-1.2142495,1.1440082
720.0,4.356077,7.5,110074.0,110074.0,23438.533,40776.26,0.0,-2.7101092,1.4546459
720.0,4.356077,8.5,121225.0,121225.0,21072.393,21718.242,0.0,2.3354166,1.6275775
720.0,4.356077,9.5,126404.0,126404.0,61764.03,36399.83,0.0,2.1175926,3.0127811
720.0,4.356077,10.5,126163.0,126163.0,78865.12,74465.77,0.0,2.477771,2.8601904
720.0,4.356077,11.5,118614.0,118614.0,43916.07,87548.29,0.0,2.6406322,2.1690264
720.0,4.356077,12.5,107204.0,107204.0,86970.01,55704.234,0.0,-1.3147016,2.854718
720.0,4.356077,13.5,97014.0,97014.0,26358.336,79217.4,0.0,-2.0787137,-0.71174276
720.0,4.356077,14.5,80568.0,80568.0,8838.561,88906.81,0.0,0.16011737,0.2704308
720.0,4.356077,15.5,59660.0,59660.0,8884.239,70950.336,0.0,-1.3603286,-0.09185656
720.0,4.356077,16.5,47082.0,47082.0,51712.207,84293.16,0.0,1.1731141,-0.6121583
720.0,4.356077,17.5,37436.0,37436.0,34445.64,69436.484,0.0,1.584248,-0.8026402
720.0,4.356077,18.5,29675.0,29675.0,36547.04,81451.49,0.0,-0.2780587,-0.94136834
720.0,4.356077,19.5,19613.0,19613.0,50958.316,44708.02,0.0,-0.47389615,-0.8768785
720.0,4.356077,20.5,11635.0,11635.0,23889.516,16484.996,0.0,-0.21062359,-0.44269148
720.0,4.356077,21.5,6507.0,6507.0,24707.26,22149.723,0.0,0.19234398,-0.8128913
722.0,4.3280177,0.5,0.0,0.0,0.0,0.0,0.0,0.0,0.0
722.0,4.3280177,1.5,67746.0,67746.0,123638.5,23741.666,0.0,0.48759067,0.59860027
722.0,4.3280177,2.5,61054.0,61054.0,72318.39,25714.375,0.0,-0.9729969,0.1362735
722.0,4.3280177,3.5,55034.0,55034.0,64503.934,17740.457,0.0,-1.7058446,1.8501817
722.0,4.3280177,4.5,64406.0,64406.0,65386.605,25403.527,0.0,-1.4610045,2.9211738
722.0,4.3280177,5.5,95473.0,95473.0,105862.33,21745.877,0.0,-2.0805864,-1.7845308
722.0,4.3280177,6.5,102983.0,102983.0,89417.52,43442.848,0.0,-1.9557481,0.06682732
722.0,4.3280177,7.5,104262.0,104262.0,54801.574,39583.13,0.0,-2.9455,1.3968836
722.0,4.3280177,8.5,118349.0,118349.0,27849.252,44225.81,0.0,2.8713205,1.4811087
722.0,4.3280177,9.5,122861.0,122861.0,88228.914,62885.945,0.0,2.835129,-2.3523781
722.0,4.3280177,10.5,122250.0,122250.0,68260.92,111000.24,0.0,-3.0300655,2.546072
722.0,4.3280177,11.5,118804.0,118804.0,78213.53,159579.88,0.0,-2.9269347,2.1797647
722.0,4.3280177,12.5,109467.0,109467.0,59323.49,30437.863,0.0,-2.8285074,1.0556188
722.0,4.3280177,13.5,97467.0,97467.0,52210.93,69682.44,0.0,-1.5841554,-0.51811105
722.0,4.3280177,14.5,83449.0,83449.0,38875.883,95666.75,0.0,-1.1783628,-0.16886112
722.0,4.3280177,15.5,61912.0,61912.0,23625.424,67675.914,0.0,-0.8928437,-0.5084763
722.0,4.3280177,16.5,45985.0,45985.0,22428.867,91270.586,0.0,1.5092101,-1.0750829
722.0,4.3280177,17.5,36893.0,36893.0,32525.662,75117.07,0.0,1.2574351,-0.9350232
722.0,4.3280177,18.5,27950.0,27950.0,16213.109,44128.41,0.0,0.69465566,-0.83953357
722.0,4.3280177,19.5,19514.0,19514.0,45920.812,42816.85,0.0,-0.37730354,-1.1055813
722.0,4.3280177,20.5,11290.0,11290.0,29869.35,21479.516,0.0,-0.26701567,-1.0224662
722.0,4.3280177,21.5,6698.0,6698.0,24394.818,19753.396,0.0,-0.07485418,-1.2003212
724.0,4.2828326,0.5,0.0,0.0,0.0,0.0,0.0,0.0,0.0
724.0,4.2828326,1.5,63269.0,63269.0,169820.86,8036.695,0.0,0.62365115,2.3285484
724.0,4.2828326,2.5,57282.0,57282.0,50759.375,16063.773,0.0,-0.23027308,-2.0791087
724.0,4.2828326,3.5,49987.0,49987.0,72847.88,4016.107,0.0,-1.4234431,-0.73419714
724.0,4.2828326,4.5,63237.0,63237.0,71120.85,9197.12,0.0,-1.3710153,0.51755625
724.0,4.2828326,5.5,93005.0,93005.0,115152.17,23464.508,0.0,-1.5278796,1.3972671
724.0,4.2828326,6.5,101139.0,101139.0,85978.93,35880.246,0.0,-1.6001585,-2.373337
724.0,4.2828326,7.5,103511.0,103511.0,73020.484,6145.602,0.0,-2.6208522,1.9304154
724.0,4.2828326,8.5,112394.0,112394.0,65725.266,12619.938,0.0,2.8036468,-2.2839282
724.0,4.2828326,9.5,116130.0,116130.0,116093.12,41323.473,0.0,2.3212502,-0.88381577
724.0,4.2828326,10.5,117007.0,117007.0,77512.75,6388.4873,0.0,2.6611645,1.5259341
724.0,4.2828326,11.5,117881.0,117881.0,75923.96,102034.34,0.0,2.35468,2.2800558
724.0,4.2828326,12.5,113086.0,113086.0,119223.38,64026.484,0.0,3.0508714,1.4808967
724.0,4.2828326,13.5,98452.0,98452.0,25727.213,81750.84,0.0,-1.309487,-1.4216518
724.0,4.2828326,14.5,83270.0,83270.0,89283.9,84371.734,0.0,-1.9640259,-1.4766876
724.0,4.2828326,15.5,66602.0,66602.0,39327.246,82051.23,0.0,-2.457753,-1.105565
724.0,4.2828326,16.5,48452.0,48452.0,32922.953,84446.08,0.0,1.7102841,-0.9717636
724.0,4.2828326,17.5,35038.0,35038.0,29628.732,106112.63,0.0,1.9618497,-1.1635988
724.0,4.2828326,18.5,26088.0,26088.0,14594.213,73919.16,0.0,2.1074758,-1.1163032
724.0,4.2828326,19.5,17236.0,17236.0,2801.5698,28747.402,0.0,1.1076057,-1.10391
724.0,4.2828326,20.5,10520.0,10520.0,30100.45,24269.143,0.0,-0.4213429,-1.7092167
724.0,4.2828326,21.5,6798.0,6798.0,21789.635,11648.385,0.0,-0.0107601695,-1.7820622
726.0,4.2515736,0.5,0.0,0.0,0.0,0.0,0.0,0.0,0.0
726.0,4.2515736,1.5,61143.0,61143.0,127818.91,31034.303,0.0,0.941228,1.0720695
726.0,4.2515736,2.5,54230.0,54230.0,55274.508,13915.321,0.0,-0.4460649,2.8829803
726.0,4.2515736,3.5,50141.0,50141.0,74503.32,6855.203,0.0,-1.635854,2.8754232
726.0,4.2515736,4.5,60708.0,60708.0,94103.086,29633.703,0.0,-1.4122902,1.7057176
726.0,4.2515736,5.5,88410.0,88410.0,84131.88,21090.145,0.0,-1.1351464,1.065457
726.0,4.2515736,6.5,97430.0,97430.0,96464.91,31963.38,0.0,-2.084355,-2.650706
726.0,4.2515736,7.5,103273.0,103273.0,89967.555,28009.008,0.0,-2.3655143,-0.57652724
726.0,4.2515736,8.5,111314.0,111314.0,44558.75,23199.916,0.0,-2.6659856,-1.1314287
726.0,4.2515736,9.5,115109.0,115109.0,106173.625,57004.34,0.0,2.1048112,-1.4540818
726.0,4.2515736,10.5,117688.0,117688.0,107819.22,39981.383,0.0,2.2987847,-2.6925774
726.0,4.2515736,11.5,115723.0,115723.0,89510.69,137019.52,0.0,2.2638283,1.9817454
726.0,4.2515736,12.5,109699.0,109699.0,59388.164,74706.12,0.0,2.9922638,2.1755662
726.0,4.2515736,13.5,100520.0,100520.0,35773.2,62909.97,0.0,3.0467224,-1.6271216
726.0,4.2515736,14.5,84718.0,84718.0,70732.33,65188.863,0.0,-2.352087,-2.2879326
726.0,4.2515736,15.5,68547.0,68547.0,27132.771,72640.27,0.0,-2.7360342,-1.6270428
726.0,4.2515736,16.5,49797.0,49797.0,36675.773,110160.46,0.0,1.6760577,-1.1937771
726.0,4.2515736,17.5,35068.0,35068.0,47937.113,111224.73,0.0,2.2553017,-1.4028987
726.0,4.2515736,18.5,25684.0,25684.0,7282.66,103252.14,0.0,-2.547677,-1.6045684
726.0,4.2515736,19.5,15996.0,15996.0,8616.209,41864.68,0.0,-1.9494772,-1.7421108
726.0,4.2515736,20.5,9592.0,9592.0,17746.29,17402.86,0.0,-0.30834258,-2.124047
726.0,4.2515736,21.5,5723.0,5723.0,16507.584,6132.8633,0.0,-0.03448565,-2.1952226
728.0,4.218547,0.5,0.0,0.0,0.0,0.0,0.0,0.0,0.0
728.0,4.218547,1.5,58759.0,58759.0,108399.44,9906.73,0.0,0.7545863,0.60192144
728.0,4.218547,2.5,52189.0,52189.0,60923.63,15239.292,0.0,-0.2209773,0.73855263
728.0,4.218547,3.5,48764.0,48764.0,75695.41,14366.3545,0.0,-1.1902941,0.029347233
728.0,4.218547,4.5,61718.0,61718.0,88467.38,22235.719,0.0,-1.2516599,3.0953755
728.0,4.218547,5.5,86735.0,86735.0,93576.125,21972.922,0.0,-1.0652946,1.5720994
728.0,4.218547,6.5,94585.0,94585.0,70245.32,32801.793,0.0,-2.0559297,-2.28827
728.0,4.218547,7.5,100023.0,100023.0,27551.348,51373.516,0.0,-2.0442474,-1.1208571
728.0,4.218547,8.5,111842.0,111842.0,44391.742,14419.445,0.0,-2.799391,-2.4752474
728.0,4.218547,9.5,118803.0,118803.0,86493.81,67447.51,0.0,2.369156,-0.3916406
728.0,4.218547,10.5,117855.0,117855.0,62606.387,82196.42,0.0,2.307534,-0.10135294
728.0,4.218547,11.5,113278.0,113278.0,86327.26,116946.84,0.0,2.6994324,1.8956285
728.0,4.218547,12.5,104772.0,104772.0,58315.625,80922.09,0.0,-2.8137636,2.2553158
728.0,4.218547,13.5,98688.0,98688.0,22893.664,26626.332,0.0,-1.3321991,-1.2160566
728.0,4.218547,14.5,83108.0,83108.0,32903.17,49892.355,0.0,2.8833694,-2.1435351
728.0,4.218547,15.5,69988.0,69988.0,20760.867,86244.75,0.0,2.6935961,-2.1191292
728.0,4.218547,16.5,51807.0,51807.0,30890.057,109011.43,0.0,1.8397447,-1.8749167
728.0,4.218547,17.5,36888.0,36888.0,68653.24,88429.36,0.0,2.0173512,-1.709286
728.0,4.218547,18.5,24216.0,24216.0,27909.625,76865.05,0.0,2.3564205,-1.7415037
728.0,4.218547,19.5,15426.0,15426.0,19615.936,53887.54,0.0,-1.9816517,-2.292369
728.0,4.218547,20.5,8838.0,8838.0,2727.368,19674.348,0.0,-0.05439873,-2.9553351
728.0,4.218547,21.5,4946.0,4946.0,14663.534,11142.553,0.0,0.045823116,-2.5425339
731.0,4.183756,0.5,0.0,0.0,0.0,0.0,0.0,0.0,0.0
731.0,4.183756,1.5,55315.0,55315.0,57016.6,32585.932,0.0,1.1546282,-2.9744911
731.0,4.183756,2.5,50674.0,50674.0,32531.156,10370.716,0.0,0.037767135,-2.860114
731.0,4.183756,3.5,47793.0,47793.0,48022.6,22717.896,0.0,-0.6444643,-0.78399855
731.0,4.183756,4.5,59539.0,59539.0,50475.008,10264.4795,0.0,-1.012361,-0.4565647
731.0,4.183756,5.5,85711.0,85711.0,104894.51,17859.365,0.0,-1.2745087,2.895598
731.0,4.183756,6.5,93774.0,93774.0,113131.45,19617.523,0.0,-1.5093305,2.9646401
731.0,4.183756,7.5,96342.0,96342.0,55806.508,51543.86,0.0,-2.0298724,-1.372765
731.0,4.183756,8.5,109817.0,109817.0,84200.58,40345.91,0.0,-2.6687279,-1.7919494
731.0,4.183756,9.5,122726.0,122726.0,103841.945,32483.367,0.0,-3.0433538,-1.8198586
731.0,4.183756,10.5,118977.0,118977.0,105107.44,30088.82,0.0,2.691777,-1.2643903
731.0,4.183756,11.5,110909.0,110909.0,134298.7,29716.174,0.0,2.851044,2.1299372
731.0,4.183756,12.5,101101.0,101101.0,35796.688,30202.209,0.0,-2.6946611,2.9559128
731.0,4.183756,13.5,95381.0,95381.0,93825.79,36635.277,0.0,-0.6839031,-0.935093
731.0,4.183756,14.5,81831.0,81831.0,23773.137,65633.914,0.0,-1.5374204,-2.1441643
731.0,4.183756,15.5,67454.0,67454.0,22033.658,106488.125,0.0,-3.0841687,-2.5363088
731.0,4.183756,16.5,51699.0,51699.0,48313.176,79073.39,0.0,1.6965477,-2.3385131
731.0,4.183756,17.5,37255.0,37255.0,81573.3,56000.777,0.0,1.6184869,-2.278191
731.0,4.183756,18.5,25905.0,25905.0,51802.586,59991.242,0.0,2.0184608,-2.179385
731.0,4.183756,19.5,14789.0,14789.0,25723.963,33133.766,0.0,2.1446567,-2.5493777
731.0,4.183756,20.5,9134.0,9134.0,3663.2798,23366.168,0.0,1.6719705,2.722668
731.0,4.183756,21.5,5167.0,5167.0,15335.392,13535.085,0.0,0.0006333033,-2.894789
732.0,4.1662526,0.5,0.0,0.0,0.0,0.0,0.0,0.0,0.0
732.0,4.1662526,1.5,52782.0,52782.0,41807.082,19318.13,0.0,1.8218459,1.219012
732.0,4.1662526,2.5,48492.0,48492.0,21717.098,9437.403,0.0,-3.060865,2.6474192
732.0,4.1662526,3.5,46843.0,46843.0,28981.707,16727.768,0.0,-0.4099782,-3.0000901
732.0,4.1662526,4.5,57134.0,57134.0,54558.28,17781.0,0.0,-0.6595691,-1.1647677
732.0,4.1662526,5.5,82879.0,82879.0,70337.47,9477.134,0.0,-1.240305,2.6650743
732.0,4.1662526,6.5,93228.0,93228.0,98467.39,18711.256,0.0,-1.4855827,2.901517
732.0,4.1662526,7.5,97037.0,97037.0,111708.76,31691.371,0.0,-2.4083529,-2.0389314
732.0,4.1662526,8.5,109872.0,109872.0,113407.43,15967.331,0.0,-3.0271022,-2.3182657
732.0,4.1662526,9.5,119121.0,119121.0,143383.73,12381.421,0.0,-3.0371132,1.360555
732.0,4.1662526,10.5,118573.0,118573.0,101702.875,18561.588,0.0,2.7117825,2.05315
732.0,4.1662526,11.5,111195.0,111195.0,148365.2,41004.062,0.0,2.9220643,-2.8561592
732.0,4.1662526,12.5,100727.0,100727.0,40935.68,29866.656,0.0,-2.873106,-2.2087831
732.0,4.1662526,13.5,94992.0,94992.0,105059.9,56488.69,0.0,-0.720308,-1.999702
732.0,4.1662526,14.5,80690.0,80690.0,28640.273,63457.89,0.0,-1.5600654,-2.238604
732.0,4.1662526,15.5,65714.0,65714.0,16250.781,83301.53,0.0,-2.8745222,-2.6793106
732.0,4.1662526,16.5,52476.0,52476.0,31413.322,70517.63,0.0,1.6946657,-2.4049294
732.0,4.1662526,17.5,37125.0,37125.0,83962.15,49008.926,0.0,1.5224767,-2.6630661
732.0,4.1662526,18.5,25836.0,25836.0,47135.383,47702.02,0.0,1.7770307,-2.484229
732.0,4.1662526,19.5,15635.0,15635.0,32157.434,34000.215,0.0,1.9497943,3.092316
732.0,4.1662526,20.5,9200.0,9200.0,9907.782,19559.182,0.0,0.8277563,2.3610756
732.0,4.1662526,21.5,5217.0,5217.0,7602.6616,13362.344,0.0,-0.20096782,3.1073542
734.0,4.1293797,0.5,0.0,0.0,0.0,0.0,0.0,0.0,0.0
734.0,4.1293797,1.5,49566.0,49566.0,22955.322,6063.9717,0.0,-2.7143247,1.2437054
734.0,4.1293797,2.5,47810.0,47810.0,60735.043,14501.998,0.0,-3.12778,2.82845
734.0,4.1293797,3.5,45946.0,45946.0,19984.5,25590.582,0.0,0.91864336,2.76783
734.0,4.1293797,4.5,54163.0,54163.0,27738.46,26624.088,0.0,-0.35719243,1.6266524
734.0,4.1293797,5.5,78113.0,78113.0,36226.53,25156.314,0.0,-0.96793395,-2.59662
734.0,4.1293797,6.5,89455.0,89455.0,72561.17,29342.893,0.0,-1.3103925,1.4713897
734.0,4.1293797,7.5,96709.0,96709.0,91885.625,3255.0667,0.0,-2.5015962,-0.5981194
734.0,4.1293797,8.5,108675.0,108675.0,92520.984,13321.501,0.0,3.025144,1.149173
734.0,4.1293797,9.5,114457.0,114457.0,153454.31,45836.926,0.0,-3.1009693,-1.0214348
734.0,4.1293797,10.5,117728.0,117728.0,147014.12,53368.23,0.0,2.7447615,-1.3830376
734.0,4.1293797,11.5,110552.0,110552.0,99400.66,36946.777,0.0,-3.1184037,-0.17007609
734.0,4.1293797,12.5,103986.0,103986.0,52023.734,44293.242,0.0,-1.2587588,2.4716835
734.0,4.1293797,13.5,93824.0,93824.0,72937.164,60115.73,0.0,-0.48148027,-3.110601
734.0,4.1293797,14.5,80153.0,80153.0,57781.004,80208.18,0.0,-2.4081593,-2.748813
734.0,4.1293797,15.5,64169.0,64169.0,38373.156,71946.766,0.0,-2.56248,-3.016783
734.0,4.1293797,16.5,51566.0,51566.0,19121.049,53719.89,0.0,1.0415543,-2.616412
734.0,4.1293797,17.5,37152.0,37152.0,41290.867,34715.44,0.0,1.5802118,-2.4226344
734.0,4.1293797,18.5,26706.0,26706.0,45629.574,27975.516,0.0,1.3299675,2.6361678
734.0,4.1293797,19.5,17175.0,17175.0,30107.566,33254.062,0.0,1.8284482,2.4091647
734.0,4.1293797,20.5,9675.0,9675.0,16588.232,40932.79,0.0,1.1788235,2.2325892
734.0,4.1293797,21.5,5454.0,5454.0,12259.511,14479.788,0.0,0.40670532,2.385577
736.0,4.0905175,0.5,0.0,0.0,0.0,0.0,0.0,0.0,0.0
736.0,4.0905175,1.5,45520.0,45520.0,42442.66,20455.729,0.0,-1.9278568,0.12896685
736.0,4.0905175,2.5,47545.0,47545.0,67102.86,18643.12,0.0,-2.6770666,0.4134508
736.0,4.0905175,3.5,44287.0,44287.0,40880.6,17185.246,0.0,2.662006,1.1921465
736.0,4.0905175,4.5,51187.0,51187.0,22761.584,20709.525,0.0,0.09784319,2.531528
736.0,4.0905175,5.5,74926.0,74926.0,40113.18,8501.507,0.0,-0.006096443,-2.65517
736.0,4.0905175,6.5,82327.0,82327.0,63157.98,3244.5964,0.0,-1.1192647,-2.2777402
736.0,4.0905175,7.5,89448.0,89448.0,79050.11,46502.79,0.0,-2.3272996,-1.617847
736.0,4.0905175,8.5,103391.0,103391.0,100379.77,20120.363,0.0,-2.7729218,1.7660812
736.0,4.0905175,9.5,109430.0,109430.0,88203.89,47737.832,0.0,-3.077691,-3.0176213
736.0,4.0905175,10.5,116391.0,116391.0,96933.06,94369.93,0.0,2.7756252,-2.112112
736.0,4.0905175,11.5,111322.0,111322.0,59645.336,102631.48,0.0,-2.7082958,-1.98284
736.0,4.0905175,12.5,102512.0,102512.0,57037.52,9148.848,0.0,-1.1124172,-0.29270223
736.0,4.0905175,13.5,95865.0,95865.0,24364.072,3282.193,0.0,-1.7110102,-0.11152724
736.0,4.0905175,14.5,80865.0,80865.0,33492.965,66219.83,0.0,-2.2962227,-2.551812
736.0,4.0905175,15.5,62820.0,62820.0,66535.45,74908.4,0.0,3.0876024,-2.778312
736.0,4.0905175,16.5,50371.0,50371.0,50391.125,81439.9,0.0,2.0140214,-2.9025779
736.0,4.0905175,17.5,38695.0,38695.0,42239.918,26574.012,0.0,2.1696715,2.644384
736.0,4.0905175,18.5,27695.0,27695.0,28628.791,27304.867,0.0,1.1877007,2.0783772
736.0,4.0905175,19.5,18261.0,18261.0,32651.305,35898.664,0.0,1.4768938,2.1732621
736.0,4.0905175,20.5,9971.0,9971.0,11581.1455,33164.01,0.0,1.3404304,2.2469969
736.0,4.0905175,21.5,6045.0,6045.0,17459.049,31780.512,0.0,0.32750216,2.318575
739.0,4.0513873,0.5,0.0,0.0,0.0,0.0,0.0,0.0,0.0
739.0,4.0513873,1.5,43264.0,43264.0,51095.79,6077.316,0.0,-1.0816469,-1.1191242
739.0,4.0513873,2.5,45731.0,45731.0,54229.723,38752.984,0.0,-2.2085197,-1.3503623
739.0,4.0513873,3.5,43248.0,43248.0,65820.03,43119.902,0.0,2.9358528,-1.176147
739.0,4.0513873,4.5,51552.0,51552.0,35556.656,15740.033,0.0,2.2398143,0.010220283
739.0,4.0513873,5.5,74670.0,74670.0,10605.046,11997.85,0.0,-1.1090297,-2.5290456
739.0,4.0513873,6.5,80401.0,80401.0,21747.215,33188.008,0.0,-1.0703342,-1.4976153
739.0,4.0513873,7.5,80851.0,80851.0,78256.99,53040.33,0.0,-2.6765742,-2.4064074
739.0,4.0513873,8.5,95633.0,95633.0,104419.85,53172.832,0.0,-2.5230446,0.9129815
739.0,4.0513873,9.5,107481.0,107481.0,111641.23,42942.184,0.0,-2.614425,2.2340536
739.0,4.0513873,10.5,111634.0,111634.0,73859.65,20780.473,0.0,-3.0101843,-2.3579679
739.0,4.0513873,11.5,112148.0,112148.0,81730.93,92207.086,0.0,-2.2931526,-2.4569411
739.0,4.0513873,12.5,104720.0,104720.0,99309.95,118019.13,0.0,-1.4551262,-2.6027145
739.0,4.0513873,13.5,94781.0,94781.0,36151.414,119703.17,0.0,2.6278124,-2.5009704
739.0,4.0513873,14.5,79775.0,79775.0,32088.508,126306.08,0.0,2.4183376,-2.6812003
739.0,4.0513873,15.5,62982.0,62982.0,82088.72,46836.234,0.0,2.9215176,-2.8325503
739.0,4.0513873,16.5,48632.0,48632.0,60373.543,50780.773,0.0,2.3005922,2.6707177
739.0,4.0513873,17.5,39064.0,39064.0,38288.13,40102.97,0.0,2.1214967,2.0520484
739.0,4.0513873,18.5,29555.0,29555.0,35057.457,36305.94,0.0,1.8189715,2.0367386
739.0,4.0513873,19.5,17905.0,17905.0,42229.03,50200.38,0.0,1.0499564,2.2150981
739.0,4.0513873,20.5,11249.0,11249.0,37450.816,58847.0,0.0,0.85010076,2.2641454
739.0,4.0513873,21.5,6944.0,6944.0,18704.602,39740.945,0.0,0.52361196,2.1541362
740.0,4.031718,0.5,0.0,0.0,0.0,0.0,0.0,0.0,0.0
740.0,4.031718,1.5,43245.0,43245.0,48995.777,19471.445,0.0,-0.6457936,1.6731446
740.0,4.031718,2.5,44293.0,44293.0,43123.668,22777.902,0.0,-2.017995,1.1694021
740.0,4.031718,3.5,42351.0,42351.0,63058.453,22277.242,0.0,-2.8354135,-2.1359062
740.0,4.031718,4.5,51969.0,51969.0,53849.574,10871.611,0.0,2.8407657,-0.6816504
740.0,4.031718,5.5,76028.0,76028.0,8318.951,7345.782,0.0,2.798855,0.75409734
740.0,4.031718,6.5,81699.0,81699.0,32619.742,35737.17,0.0,-0.1998478,-2.4088392
740.0,4.031718,7.5,80578.0,80578.0,51134.883,46130.25,0.0,-2.786571,-2.7232735
740.0,4.031718,8.5,94097.0,94097.0,92601.664,23233.566,0.0,-2.3723316,-1.3985693
740.0,4.031718,9.5,106268.0,106268.0,122779.76,22412.137,0.0,-2.8228538,-0.23766793
740.0,4.031718,10.5,109426.0,109426.0,75996.23,16505.414,0.0,3.1091392,-2.2115822
740.0,4.031718,11.5,110130.0,110130.0,98766.01,120415.625,0.0,-2.1212945,-2.312113
740.0,4.031718,12.5,108258.0,108258.0,114717.805,135408.77,0.0,-1.9125606,-2.778313
740.0,4.031718,13.5,96131.0,96131.0,20944.588,140826.5,0.0,-1.8880558,-3.0373898
740.0,4.031718,14.5,79276.0,79276.0,30458.352,112107.36,0.0,1.6035329,-3.1276186
740.0,4.031718,15.5,62581.0,62581.0,67747.13,45203.305,0.0,2.7211342,3.1267405
740.0,4.031718,16.5,48065.0,48065.0,50255.85,42604.645,0.0,2.3656952,2.4471955
740.0,4.031718,17.5,38320.0,38320.0,41787.426,44283.164,0.0,2.553554,2.0543818
740.0,4.031718,18.5,28802.0,28802.0,36998.496,42328.06,0.0,1.9198439,1.7685362
740.0,4.031718,19.5,18260.0,18260.0,39003.07,60511.414,0.0,0.5122865,2.0404797
740.0,4.031718,20.5,11421.0,11421.0,37365.086,63611.51,0.0,0.7844385,2.1015668
740.0,4.031718,21.5,7652.0,7652.0,23527.615,51486.812,0.0,0.37212917,2.1912384
742.0,3.9921703,0.5,0.0,0.0,0.0,0.0,0.0,0.0,0.0
742.0,3.9921703,1.5,41384.0,41384.0,54757.094,5725.98,0.0,-0.19443353,0.647056
742.0,3.9921703,2.5,42544.0,42544.0,41568.055,7255.034,0.0,-1.8587855,1.8989048
742.0,3.9921703,3.5,40768.0,40768.0,79271.2,23935.26,0.0,-2.5788605,-3.119091
742.0,3.9921703,4.5,50108.0,50108.0,68784.13,18377.697,0.0,-3.0486789,2.8474636
742.0,3.9921703,5.5,74446.0,74446.0,66887.54,28676.676,0.0,2.8277645,2.0999315
742.0,3.9921703,6.5,82200.0,82200.0,20953.65,15304.855,0.0,0.80855316,2.531617
742.0,3.9921703,7.5,85728.0,85728.0,48512.336,58501.02,0.0,-2.317532,-2.457325
742.0,3.9921703,8.5,95120.0,95120.0,106857.6,23468.69,0.0,-2.9933422,-2.9689348
742.0,3.9921703,9.5,103975.0,103975.0,84515.88,97665.21,0.0,-2.7704272,2.7326837
742.0,3.9921703,10.5,103641.0,103641.0,92833.85,117466.99,0.0,-3.053471,2.7413073
742.0,3.9921703,11.5,107079.0,107079.0,94219.695,151397.25,0.0,-2.6572003,-2.342173
742.0,3.9921703,12.5,105083.0,105083.0,82497.68,64423.082,0.0,-2.0505853,-2.6655524
742.0,3.9921703,13.5,96505.0,96505.0,70762.49,104313.195,0.0,-1.5019482,2.5413318
742.0,3.9921703,14.5,80294.0,80294.0,21658.613,65747.82,0.0,2.3175108,2.3843198
742.0,3.9921703,15.5,62237.0,62237.0,50108.105,59542.42,0.0,2.5435739,1.9552304
742.0,3.9921703,16.5,46405.0,46405.0,51326.016,58372.996,0.0,2.559968,1.8096172
742.0,3.9921703,17.5,37007.0,37007.0,44400.22,66606.62,0.0,1.9940588,1.5772221
742.0,3.9921703,18.5,27148.0,27148.0,13684.389,74024.94,0.0,0.89158046,1.4024372
742.0,3.9921703,19.5,18465.0,18465.0,28436.68,60456.625,0.0,0.37655637,1.6848978
742.0,3.9921703,20.5,12276.0,12276.0,31138.203,55541.71,0.0,0.039331894,1.7449127
742.0,3.9921703,21.5,7243.0,7243.0,21654.592,38511.562,0.0,1.1615969,1.8779353
744.0,3.9703124,0.5,0.0,0.0,0.0,0.0,0.0,0.0,0.0
744.0,3.9703124,1.5,40854.0,40854.0,44178.34,16295.14,0.0,0.10167014,-2.600041
744.0,3.9703124,2.5,40674.0,40674.0,44546.55,22477.54,0.0,-0.89309424,0.92598104
744.0,3.9703124,3.5,39613.0,39613.0,72331.72,21551.072,0.0,-2.4709635,1.6681244
744.0,3.9703124,4.5,50097.0,50097.0,75400.664,28440.775,0.0,-2.8951533,3.0614002
744.0,3.9703124,5.5,72977.0,72977.0,64750.875,38668.254,0.0,2.8584538,2.3729079
744.0,3.9703124,6.5,82098.0,82098.0,21659.172,14338.637,0.0,2.063282,2.2593462
744.0,3.9703124,7.5,88165.0,88165.0,58859.312,43928.008,0.0,3.1259117,2.855234
744.0,3.9703124,8.5,98288.0,98288.0,64407.227,10709.637,0.0,3.1400468,-2.3438652
744.0,3.9703124,9.5,104510.0,104510.0,81501.81,89776.08,0.0,-2.9771242,1.8278433
744.0,3.9703124,10.5,105390.0,105390.0,121042.914,140647.8,0.0,2.9268165,2.4109728
744.0,3.9703124,11.5,104672.0,104672.0,111115.875,119309.64,0.0,-2.6599903,-2.670681
744.0,3.9703124,12.5,102687.0,102687.0,45177.633,113539.695,0.0,-1.113504,-2.0737584
744.0,3.9703124,13.5,93274.0,93274.0,53644.66,64141.816,0.0,-1.6056408,2.2007658
744.0,3.9703124,14.5,79719.0,79719.0,14029.257,88477.516,0.0,1.9744252,1.9451563
744.0,3.9703124,15.5,64011.0,64011.0,25854.27,58894.258,0.0,2.5890436,1.401998
744.0,3.9703124,16.5,46512.0,46512.0,45096.53,70887.82,0.0,2.5465329,1.4004973
744.0,3.9703124,17.5,36071.0,36071.0,35257.48,64780.45,0.0,2.549266,1.402295
744.0,3.9703124,18.5,27135.0,27135.0,2243.7212,72582.03,0.0,2.7288237,1.1794407
744.0,3.9703124,19.5,17827.0,17827.0,31680.305,54561.73,0.0,0.17345475,1.4787754
744.0,3.9703124,20.5,12168.0,12168.0,21722.28,40947.895,0.0,0.13014318,1.494777
744.0,3.9703124,21.5,7042.0,7042.0,23620.47,31372.387,0.0,1.2374068,1.7544961
746.0,3.9263623,0.5,0.0,0.0,0.0,0.0,0.0,0.0,0.0
746.0,3.9263623,1.5,37911.0,37911.0,54717.63,6790.455,0.0,0.4991272,0.99445945
746.0,3.9263623,2.5,40073.0,40073.0,63017.03,3755.3691,0.0,-1.0482237,1.203625
746.0,3.9263623,3.5,40170.0,40170.0,74691.78,23686.84,0.0,-2.087494,-0.7788344
746.0,3.9263623,4.5,50104.0,50104.0,88260.65,17041.443,0.0,-2.5493388,0.91750604
746.0,3.9263623,5.5,69025.0,69025.0,79659.85,21968.428,0.0,-3.0678005,0.5530187
746.0,3.9263623,6.5,78387.0,78387.0,15029.909,28006.508,0.0,1.3494468,1.2477657
746.0,3.9263623,7.5,82145.0,82145.0,55054.65,33926.547,0.0,-2.351272,1.957199
746.0,3.9263623,8.5,97302.0,97302.0,101073.195,38589.21,0.0,-2.7876508,2.8221462
746.0,3.9263623,9.5,106434.0,106434.0,88369.34,21049.799,0.0,-2.5632613,1.7829309
746.0,3.9263623,10.5,109779.0,109779.0,66943.45,86414.0,0.0,2.5569663,2.0259075
746.0,3.9263623,11.5,104047.0,104047.0,36151.316,66449.1,0.0,-2.952827,2.968423
746.0,3.9263623,12.5,96726.0,96726.0,30884.406,87348.45,0.0,0.98362786,-2.204248
746.0,3.9263623,13.5,92008.0,92008.0,50552.953,26469.04,0.0,0.9304836,2.6995144
746.0,3.9263623,14.5,78952.0,78952.0,29071.916,70945.97,0.0,-1.5562443,1.0512438
746.0,3.9263623,15.5,63359.0,63359.0,10669.468,84950.305,0.0,1.7041141,1.0703096
746.0,3.9263623,16.5,47970.0,47970.0,44266.68,51477.45,0.0,2.3079042,1.0402573
746.0,3.9263623,17.5,34931.0,34931.0,51886.71,42793.453,0.0,2.7606642,1.1367629
746.0,3.9263623,18.5,25410.0,25410.0,33751.207,45716.664,0.0,3.1235151,0.99167246
746.0,3.9263623,19.5,17300.0,17300.0,19236.691,43962.777,0.0,0.61378413,1.0695491
746.0,3.9263623,20.5,11009.0,11009.0,29239.78,29472.906,0.0,0.53894943,1.4053113
746.0,3.9263623,21.5,6520.0,6520.0,21205.36,20242.422,0.0,1.2132375,1.5854465
748.0,3.9042368,0.5,0.0,0.0,0.0,0.0,0.0,0.0,0.0
748.0,3.9042368,1.5,36993.0,36993.0,24269.06,11243.552,0.0,0.61276793,-1.9084814
748.0,3.9042368,2.5,40242.0,40242.0,50514.066,22050.436,0.0,-1.130923,2.808594
748.0,3.9042368,3.5,39054.0,39054.0,81662.23,4769.202,0.0,-1.7470688,-0.032490615
748.0,3.9042368,4.5,48164.0,48164.0,90075.17,10000.778,0.0,-2.295457,-0.19596015
748.0,3.9042368,5.5,69949.0,69949.0,113166.19,31791.756,0.0,-2.877532,-0.32718796
748.0,3.9042368,6.5,76616.0,76616.0,36622.97,37825.72,0.0,-3.1080298,0.54307765
748.0,3.9042368,7.5,77887.0,77887.0,57524.598,26184.307,0.0,-2.1722684,1.721964
748.0,3.9042368,8.5,94522.0,94522.0,60467.168,14116.362,0.0,-2.0734625,2.306728
748.0,3.9042368,9.5,106646.0,106646.0,77231.664,9466.377,0.0,-2.2391248,1.7100126
748.0,3.9042368,10.5,109923.0,109923.0,83942.63,89828.09,0.0,-3.087229,1.7021283
748.0,3.9042368,11.5,104498.0,104498.0,12030.94,104773.16,0.0,3.0741951,2.6060658
748.0,3.9042368,12.5,97133.0,97133.0,55877.07,42786.215,0.0,0.78470975,-1.6139426
748.0,3.9042368,13.5,91939.0,91939.0,53291.06,26843.889,0.0,1.0665716,1.5104603
748.0,3.9042368,14.5,78337.0,78337.0,15811.474,89549.8,0.0,-2.7642603,0.7344643
748.0,3.9042368,15.5,63275.0,63275.0,20166.525,77269.125,0.0,-0.33392218,0.77977854
748.0,3.9042368,16.5,48201.0,48201.0,37138.48,65765.95,0.0,2.4422312,1.1344843
748.0,3.9042368,17.5,34271.0,34271.0,49501.438,50956.57,0.0,2.5661826,1.3893976
748.0,3.9042368,18.5,24864.0,24864.0,43525.19,34786.78,0.0,2.832563,0.9842298
748.0,3.9042368,19.5,16964.0,16964.0,7910.787,36482.645,0.0,0.89792246,1.2599903
748.0,3.9042368,20.5,10302.0,10302.0,32434.66,28211.893,0.0,0.5826168,0.85074455
748.0,3.9042368,21.5,6831.0,6831.0,30993.447,22658.906,0.0,1.2695937,1.1798261
751.0,3.859787,0.5,0.0,0.0,0.0,0.0,0.0,0.0,0.0
751.0,3.859787,1.5,35701.0,35701.0,9212.613,26610.805,0.0,2.4749508,-3.0639374
751.0,3.859787,2.5,39408.0,39408.0,41580.594,18941.055,0.0,-0.88194406,1.9597077
751.0,3.859787,3.5,38977.0,38977.0,107557.914,36056.39,0.0,-0.9994052,2.6414702
751.0,3.859787,4.5,45345.0,45345.0,98736.87,20311.758,0.0,-1.835955,-2.327355
751.0,3.859787,5.5,64640.0,64640.0,108542.875,19976.465,0.0,-2.7168286,-1.5314071
751.0,3.859787,6.5,74248.0,74248.0,87513.55,26240.615,0.0,3.0997753,-0.8338
751.0,3.859787,7.5,74462.0,74462.0,60193.5,49405.246,0.0,-2.2562492,0.08661911
751.0,3.859787,8.5,84833.0,84833.0,63566.9,23546.52,0.0,-2.489421,2.1783605
751.0,3.859787,9.5,99634.0,99634.0,120067.89,21374.0,0.0,-2.299489,2.7287188
751.0,3.859787,10.5,102792.0,102792.0,88622.695,119674.89,0.0,-2.5669444,0.9512508
751.0,3.859787,11.5,100142.0,100142.0,20600.367,126371.64,0.0,1.526797,1.0909888
751.0,3.859787,12.5,96957.0,96957.0,95669.93,24928.932,0.0,0.08110806,-1.4052956
751.0,3.859787,13.5,89368.0,89368.0,55702.19,83051.586,0.0,0.83450097,-0.53620577
751.0,3.859787,14.5,76803.0,76803.0,54917.152,61981.816,0.0,2.7774353,0.61670715
751.0,3.859787,15.5,63830.0,63830.0,32985.1,66496.72,0.0,2.8475492,0.076541156
751.0,3.859787,16.5,49260.0,49260.0,51781.22,84143.305,0.0,2.5592632,0.5763659
751.0,3.859787,17.5,34607.0,34607.0,43414.598,59891.12,0.0,2.4119196,1.2906313
751.0,3.859787,18.5,25027.0,25027.0,28146.309,60232.527,0.0,2.7663946,1.0201719
751.0,3.859787,19.5,15908.0,15908.0,25891.88,36883.445,0.0,1.5397376,0.45662594
751.0,3.859787,20.5,9540.0,9540.0,40189.47,23692.318,0.0,1.0297295,0.08261476
751.0,3.859787,21.5,6462.0,6462.0,34481.742,19849.828,0.0,0.79871845,-0.27552113
752.0,3.8374295,0.5,0.0,0.0,0.0,0.0,0.0,0.0,0.0
752.0,3.8374295,1.5,34125.0,34125.0,7528.915,22461.818,0.0,-0.16108203,1.3295585
752.0,3.8374295,2.5,39031.0,39031.0,40628.355,6193.9985,0.0,-0.91520166,-0.11983235
752.0,3.8374295,3.5,38094.0,38094.0,92486.305,39381.008,0.0,-0.7693939,1.5494772
752.0,3.8374295,4.5,44347.0,44347.0,99825.37,27949.352,0.0,-1.6387047,2.600808
752.0,3.8374295,5.5,62387.0,62387.0,122651.13,27616.482,0.0,-2.5055733,-1.4801832
752.0,3.8374295,6.5,72058.0,72058.0,87259.09,36139.797,0.0,-2.920421,-1.7259195
752.0,3.8374295,7.5,73562.0,73562.0,33998.83,51561.12,0.0,-2.2167563,-1.1470674
752.0,3.8374295,8.5,81165.0,81165.0,60582.473,51840.414,0.0,-2.6151505,1.5581236
752.0,3.8374295,9.5,92963.0,92963.0,109535.81,10860.246,0.0,-2.7208114,3.0934865
752.0,3.8374295,10.5,96723.0,96723.0,107613.26,49731.523,0.0,-2.4547958,-0.3121241
752.0,3.8374295,11.5,97601.0,97601.0,35819.52,120624.195,0.0,1.4324722,0.8575061
752.0,3.8374295,12.5,93922.0,93922.0,83868.016,50135.32,0.0,0.39855912,0.40796304
752.0,3.8374295,13.5,87757.0,87757.0,93498.27,55274.76,0.0,0.54435337,-1.060626
752.0,3.8374295,14.5,78300.0,78300.0,54057.99,76969.445,0.0,2.5975447,0.10979918
752.0,3.8374295,15.5,63056.0,63056.0,44933.21,64869.836,0.0,2.9761412,-0.0635151
752.0,3.8374295,16.5,50089.0,50089.0,74381.055,67500.04,0.0,2.7323098,0.24497409
752.0,3.8374295,17.5,35415.0,35415.0,57868.145,52321.8,0.0,2.6436372,0.66483957
752.0,3.8374295,18.5,25091.0,25091.0,19649.566,69233.84,0.0,-3.1277544,0.6317939
752.0,3.8374295,19.5,15122.0,15122.0,29966.926,47790.95,0.0,1.255989,0.43079266
752.0,3.8374295,20.5,9239.0,9239.0,41841.07,22184.836,0.0,0.94484055,0.33476007
752.0,3.8374295,21.5,6323.0,6323.0,38806.67,28034.896,0.0,0.5839205,-0.7247214
755.0,3.7902112,0.5,0.0,0.0,0.0,0.0,0.0,0.0,0.0
755.0,3.7902112,1.5,33871.0,33871.0,11140.621,6412.906,0.0,-1.0867659,3.053925
755.0,3.7902112,2.5,37631.0,37631.0,6128.692,15485.909,0.0,1.0200717,-1.8872383
755.0,3.7902112,3.5,37085.0,37085.0,50366.6,12480.467,0.0,-0.315086,-2.6613488
755.0,3.7902112,4.5,43559.0,43559.0,78406.086,26798.965,0.0,-1.2622288,1.5157046
755.0,3.7902112,5.5,63736.0,63736.0,99421.29,24991.773,0.0,-2.1339087,0.77218646
755.0,3.7902112,6.5,67905.0,67905.0,106811.5,47209.004,0.0,-2.8678906,-2.1008267
755.0,3.7902112,7.5,69211.0,69211.0,60995.484,53503.074,0.0,-2.774955,-1.9497412
755.0,3.7902112,8.5,78623.0,78623.0,82294.36,33474.29,0.0,-2.8081515,1.384823
755.0,3.7902112,9.5,83491.0,83491.0,74238.35,27924.648,0.0,-2.7371774,-2.6859856
755.0,3.7902112,10.5,90526.0,90526.0,68604.42,27432.947,0.0,-2.6808817,-1.9249253
755.0,3.7902112,11.5,93779.0,93779.0,59511.31,123024.914,0.0,-0.51266176,0.12878866
755.0,3.7902112,12.5,92044.0,92044.0,112235.37,105555.016,0.0,0.19277415,-0.53306985
755.0,3.7902112,13.5,91350.0,91350.0,96068.02,88098.92,0.0,0.42246777,-0.5854868
755.0,3.7902112,14.5,79190.0,79190.0,20867.506,84093.0,0.0,2.888161,-1.1060228
755.0,3.7902112,15.5,65199.0,65199.0,83592.375,91826.92,0.0,3.0241044,-0.23157555
755.0,3.7902112,16.5,50720.0,50720.0,80155.82,56916.742,0.0,2.925612,-0.43318796
755.0,3.7902112,17.5,37849.0,37849.0,79397.04,50472.777,0.0,2.6791627,-0.40777323
755.0,3.7902112,18.5,24373.0,24373.0,48487.89,56292.254,0.0,2.5327497,-0.22872649
755.0,3.7902112,19.5,15079.0,15079.0,14831.099,42808.32,0.0,1.1536629,0.019508353
755.0,3.7902112,20.5,9619.0,9619.0,44240.832,45154.785,0.0,0.3017957,-0.17359576
755.0,3.7902112,21.5,5735.0,5735.0,34971.117,21629.143,0.0,0.28634188,-0.7969525
756.0,3.76532,0.5,0.0,0.0,0.0,0.0,0.0,0.0,0.0
756.0,3.76532,1.5,32957.0,32957.0,22588.705,7631.447,0.0,2.2428524,1.2833472
756.0,3.76532,2.5,37019.0,37019.0,21347.06,1282.6697,0.0,2.2627368,-1.1712732
756.0,3.76532,3.5,35472.0,35472.0,35329.957,17740.879,0.0,0.15839948,-2.3220959
756.0,3.76532,4.5,44832.0,44832.0,78197.92,21204.686,0.0,-1.0204506,1.5562679
756.0,3.76532,5.5,63069.0,63069.0,99105.76,30330.098,0.0,-1.8533658,1.2104648
756.0,3.76532,6.5,68813.0,68813.0,85130.17,37260.723,0.0,-2.6219044,-2.339039
756.0,3.76532,7.5,69170.0,69170.0,68419.91,48372.496,0.0,-2.3789725,-2.6139472
756.0,3.76532,8.5,76912.0,76912.0,73279.46,28581.154,0.0,-2.8063836,1.6238208
756.0,3.76532,9.5,81309.0,81309.0,65217.465,35017.973,0.0,-3.1062138,-1.8785228
756.0,3.76532,10.5,84932.0,84932.0,54849.09,13199.906,0.0,-2.713232,-1.115858
756.0,3.76532,11.5,90630.0,90630.0,65596.55,67343.28,0.0,-0.8961111,-0.028633263
756.0,3.76532,12.5,91092.0,91092.0,117910.63,122139.39,0.0,-0.39928502,-0.709653
756.0,3.76532,13.5,91531.0,91531.0,85799.12,111559.83,0.0,0.0056035053,-0.8154617
756.0,3.76532,14.5,79714.0,79714.0,33276.324,89519.62,0.0,2.5908294,-1.0481958
756.0,3.76532,15.5,63721.0,63721.0,99685.06,83010.484,0.0,3.0885682,-1.0243747
756.0,3.76532,16.5,50240.0,50240.0,78161.83,61459.28,0.0,2.984555,-0.5978074
756.0,3.76532,17.5,37828.0,37828.0,73730.44,35242.23,0.0,2.5892544,-1.0799742
756.0,3.76532,18.5,25891.0,25891.0,44601.51,45886.85,0.0,2.2740355,-0.5933764
756.0,3.76532,19.5,15773.0,15773.0,17995.416,39220.688,0.0,1.9649355,-0.53557646
756.0,3.76532,20.5,9024.0,9024.0,25148.7,20079.688,0.0,0.5940033,-0.5466163
756.0,3.76532,21.5,6295.0,6295.0,49984.79,40987.492,0.0,0.011935183,-0.67195606
758.0,3.7403443,0.5,0.0,0.0,0.0,0.0,0.0,0.0,0.0
758.0,3.7403443,1.5,32208.0,32208.0,6647.1504,24750.145,0.0,-2.9106383,-2.6012568
758.0,3.7403443,2.5,35863.0,35863.0,60791.508,15537.751,0.0,-3.0618215,-1.7704617
758.0,3.7403443,3.5,34224.0,34224.0,17564.025,28360.803,0.0,1.8083876,-2.481174
758.0,3.7403443,4.5,44481.0,44481.0,52615.066,15507.312,0.0,-1.074831,-2.4321227
758.0,3.7403443,5.5,61966.0,61966.0,116729.28,26051.3,0.0,-1.838028,0.6851445
758.0,3.7403443,6.5,70432.0,70432.0,105652.164,6185.0923,0.0,-2.2744167,2.3152714
758.0,3.7403443,7.5,69806.0,69806.0,72990.62,27606.143,0.0,-2.6732116,-1.848575
758.0,3.7403443,8.5,77185.0,77185.0,82432.95,22463.229,0.0,-2.8728015,-2.8416424
758.0,3.7403443,9.5,80984.0,80984.0,52355.055,20044.912,0.0,3.0964277,-2.9716272
758.0,3.7403443,10.5,84596.0,84596.0,90939.81,74996.12,0.0,-2.6661952,-0.687646
758.0,3.7403443,11.5,89459.0,89459.0,45875.62,42885.86,0.0,-1.7429744,-0.13692394
758.0,3.7403443,12.5,90386.0,90386.0,88651.26,146440.08,0.0,-0.2772605,-0.76241577
758.0,3.7403443,13.5,88045.0,88045.0,55028.43,129295.37,0.0,0.275307,-0.79744554
758.0,3.7403443,14.5,79476.0,79476.0,41375.863,90419.58,0.0,3.0437975,-1.2459013
758.0,3.7403443,15.5,61374.0,61374.0,82516.875,65636.41,0.0,-2.9444697,-1.4520615
758.0,3.7403443,16.5,49335.0,49335.0,89050.05,48793.582,0.0,3.0631638,-1.0562491
758.0,3.7403443,17.5,38593.0,38593.0,63665.227,38060.46,0.0,2.4652832,-1.7683872
758.0,3.7403443,18.5,26211.0,26211.0,54180.684,38025.81,0.0,2.1887553,-1.1706948
758.0,3.7403443,19.5,16426.0,16426.0,31093.84,31296.682,0.0,2.052856,-0.95154995
758.0,3.7403443,20.5,8965.0,8965.0,13635.537,19879.281,0.0,0.8663763,-1.2199898
758.0,3.7403443,21.5,6081.0,6081.0,39856.58,29512.406,0.0,-0.09056611,-0.9104383
761.0,3.6900396,0.5,0.0,0.0,0.0,0.0,0.0,0.0,0.0
761.0,3.6900396,1.5,30483.0,30483.0,34318.16,10701.737,0.0,-2.0543146,-0.5213728
761.0,3.6900396,2.5,35074.0,35074.0,72912.055,17862.514,0.0,-2.798653,1.2001092
761.0,3.6900396,3.5,33560.0,33560.0,56119.445,16460.252,0.0,3.0478342,1.7766429
761.0,3.6900396,4.5,40943.0,40943.0,12596.49,9668.328,0.0,-2.6381419,2.7745306
761.0,3.6900396,5.5,57640.0,57640.0,87693.68,14293.771,0.0,-1.5734375,2.3405423
761.0,3.6900396,6.5,67181.0,67181.0,118928.81,44342.832,0.0,-1.9103018,1.0635016
761.0,3.6900396,7.5,71218.0,71218.0,61721.438,17880.336,0.0,-2.3441691,3.0614944
761.0,3.6900396,8.5,82172.0,82172.0,56167.805,68795.96,0.0,-3.0972946,-2.7403462
761.0,3.6900396,9.5,83715.0,83715.0,37740.004,58532.582,0.0,-3.0764067,-2.7899284
761.0,3.6900396,10.5,89475.0,89475.0,50504.83,67248.97,0.0,2.6447494,-2.0105844
761.0,3.6900396,11.5,87745.0,87745.0,37505.176,73532.97,0.0,1.2794927,-0.85045785
761.0,3.6900396,12.5,85450.0,85450.0,85138.86,118340.586,0.0,0.52984935,-1.0431974
761.0,3.6900396,13.5,80938.0,80938.0,77556.7,107497.445,0.0,0.45687476,-1.2238494
761.0,3.6900396,14.5,73761.0,73761.0,50736.41,137491.53,0.0,1.8699274,-1.3874648
761.0,3.6900396,15.5,59334.0,59334.0,54340.69,80397.28,0.0,3.1151178,-1.925569
761.0,3.6900396,16.5,47180.0,47180.0,83735.984,54063.312,0.0,3.0110183,-1.961163
761.0,3.6900396,17.5,37003.0,37003.0,82609.43,30274.166,0.0,2.6929054,-2.0756211
761.0,3.6900396,18.5,26311.0,26311.0,48289.03,32037.854,0.0,2.273675,-2.5439699
761.0,3.6900396,19.5,16352.0,16352.0,29829.389,18827.771,0.0,2.134902,-2.3714929
761.0,3.6900396,20.5,9677.0,9677.0,15900.204,7805.965,0.0,1.7316191,-1.387197
761.0,3.6900396,21.5,6031.0,6031.0,19730.92,18042.166,0.0,0.20325133,-1.1722816
763.0,3.6647449,0.5,0.0,0.0,0.0,0.0,0.0,0.0,0.0
763.0,3.6647449,1.5,29314.0,29314.0,27735.535,12284.343,0.0,-2.0038807,-1.9238108
763.0,3.6647449,2.5,34595.0,34595.0,77983.66,18979.357,0.0,-2.3100133,-0.084892794
763.0,3.6647449,3.5,34034.0,34034.0,75987.96,15857.829,0.0,-3.0074842,0.3314244
763.0,3.6647449,4.5,40528.0,40528.0,11786.479,22558.395,0.0,-0.26348948,0.7200034
763.0,3.6647449,5.5,57331.0,57331.0,74602.445,17038.828,0.0,-1.5103464,1.2239759
763.0,3.6647449,6.5,63555.0,63555.0,106831.57,46138.69,0.0,-1.8312782,1.0713891
763.0,3.6647449,7.5,67104.0,67104.0,50505.15,30896.006,0.0,-1.9855251,2.0893312
763.0,3.6647449,8.5,81288.0,81288.0,54613.918,38940.035,0.0,-2.191345,2.613269
763.0,3.6647449,9.5,86302.0,86302.0,6743.9927,52673.887,0.0,-1.9805614,2.2878215
763.0,3.6647449,10.5,89232.0,89232.0,28960.55,89014.86,0.0,-2.8199549,-2.2107835
763.0,3.6647449,11.5,88697.0,88697.0,36536.258,90061.234,0.0,0.9577923,-1.2139939
763.0,3.6647449,12.5,86334.0,86334.0,66495.59,59882.4,0.0,0.77883214,-1.046593
763.0,3.6647449,13.5,78370.0,78370.0,86764.625,101889.96,0.0,0.47883478,-1.5164192
763.0,3.6647449,14.5,69880.0,69880.0,44694.344,148066.4,0.0,0.99165505,-1.9865612
763.0,3.6647449,15.5,58500.0,58500.0,21088.135,118165.73,0.0,2.0647376,-2.1022987
763.0,3.6647449,16.5,46049.0,46049.0,61197.895,74195.08,0.0,2.5494967,-2.337555
763.0,3.6647449,17.5,36632.0,36632.0,90214.62,48189.137,0.0,2.7375035,-2.2103055
763.0,3.6647449,18.5,25881.0,25881.0,56293.254,22157.701,0.0,2.5609064,-2.658762
763.0,3.6647449,19.5,16203.0,16203.0,25555.191,13679.056,0.0,2.1971135,-2.989794
763.0,3.6647449,20.5,9394.0,9394.0,12339.75,15762.7295,0.0,1.603789,-1.8093249
763.0,3.6647449,21.5,6268.0,6268.0,12596.119,19128.092,0.0,0.43319163,-1.3617775
764.0,3.6393332,0.5,0.0,0.0,0.0,0.0,0.0,0.0,0.0
764.0,3.6393332,1.5,28663.0,28663.0,41407.36,16620.486,0.0,-1.6100757,1.7150434
764.0,3.6393332,2.5,34459.0,34459.0,78273.89,20176.016,0.0,-2.1760516,-2.7207448
764.0,3.6393332,3.5,32752.0,32752.0,86420.625,22795.63,0.0,-2.907087,-0.5830964
764.0,3.6393332,4.5,39283.0,39283.0,27263.068,25985.797,0.0,-2.7373378,-1.0701591
764.0,3.6393332,5.5,56530.0,56530.0,72305.71,20284.195,0.0,-1.7721865,-0.39040023
764.0,3.6393332,6.5,64702.0,64702.0,117807.13,54633.918,0.0,-2.174706,0.17988852
764.0,3.6393332,7.5,64839.0,64839.0,55501.36,33033.664,0.0,-1.9031073,0.87737995
764.0,3.6393332,8.5,77698.0,77698.0,81642.086,25025.602,0.0,-2.0532064,-1.5091356
764.0,3.6393332,9.5,87692.0,87692.0,82027.195,30228.24,0.0,-2.0551896,-0.3025083
764.0,3.6393332,10.5,90766.0,90766.0,39460.773,102467.734,0.0,-2.5623326,-2.184217
764.0,3.6393332,11.5,89200.0,89200.0,45575.168,89613.32,0.0,2.0330453,-1.8042316
764.0,3.6393332,12.5,85965.0,85965.0,72014.42,57800.188,0.0,1.2138448,-1.1190901
764.0,3.6393332,13.5,79181.0,79181.0,58268.71,69622.44,0.0,0.4558855,-2.3339024
764.0,3.6393332,14.5,68043.0,68043.0,51201.836,142848.0,0.0,0.19665332,-2.4789777
764.0,3.6393332,15.5,57865.0,57865.0,30449.791,128809.125,0.0,0.5519773,-2.479205
764.0,3.6393332,16.5,45382.0,45382.0,47895.94,82534.38,0.0,2.460806,-2.6428335
764.0,3.6393332,17.5,36162.0,36162.0,84096.22,65032.316,0.0,2.6713293,-2.5489776
764.0,3.6393332,18.5,26123.0,26123.0,49869.06,23777.623,0.0,2.567892,-2.796366
764.0,3.6393332,19.5,15873.0,15873.0,25329.186,11061.013,0.0,2.653577,-2.652508
764.0,3.6393332,20.5,9510.0,9510.0,19645.707,23048.445,0.0,1.9049839,-2.0857043
764.0,3.6393332,21.5,6226.0,6226.0,8902.597,15341.91,0.0,0.7013236,-1.6549687
766.0,3.6112432,0.5,0.0,0.0,0.0,0.0,0.0,0.0,0.0
766.0,3.6112432,1.5,28171.0,28171.0,44264.953,11877.51,0.0,-1.3464074,1.935939
766.0,3.6112432,2.5,32538.0,32538.0,80691.57,12865.045,0.0,-2.0298166,-3.1149035
766.0,3.6112432,3.5,33561.0,33561.0,98415.35,26499.076,0.0,-2.4058628,-2.4355812
766.0,3.6112432,4.5,37564.0,37564.0,33750.71,23566.826,0.0,-2.6769996,-1.4141684
766.0,3.6112432,5.5,54593.0,54593.0,70148.5,8076.339,0.0,-1.3479974,-2.5985105
766.0,3.6112432,6.5,68129.0,68129.0,68481.87,19825.56,0.0,-2.1859658,-0.37927628
766.0,3.6112432,7.5,64609.0,64609.0,47109.02,27708.775,0.0,-2.1961644,0.30549634
766.0,3.6112432,8.5,73909.0,73909.0,92825.63,48293.133,0.0,-2.406163,-2.7112453
766.0,3.6112432,9.5,84403.0,84403.0,67311.125,39599.0,0.0,-2.5107343,-2.1682577
766.0,3.6112432,10.5,89650.0,89650.0,81559.55,103953.49,0.0,-3.0325115,-2.3549309
766.0,3.6112432,11.5,88361.0,88361.0,68910.76,104190.484,0.0,1.7591965,-2.629643
766.0,3.6112432,12.5,83381.0,83381.0,118792.29,37731.863,0.0,1.3342189,-2.2936718
766.0,3.6112432,13.5,77633.0,77633.0,46627.32,60022.395,0.0,0.20107661,2.9700649
766.0,3.6112432,14.5,68685.0,68685.0,28075.252,99304.51,0.0,-0.90851885,-2.8464139
766.0,3.6112432,15.5,55307.0,55307.0,18624.865,116481.72,0.0,0.13616118,-2.9187562
766.0,3.6112432,16.5,45134.0,45134.0,28159.906,91613.805,0.0,1.9805881,-2.9616854
766.0,3.6112432,17.5,35276.0,35276.0,45021.242,70263.5,0.0,2.7446713,-3.0077088
766.0,3.6112432,18.5,25861.0,25861.0,45101.67,45025.344,0.0,2.40412,-2.591938
766.0,3.6112432,19.5,16264.0,16264.0,43707.594,10995.605,0.0,2.5516453,-2.499626
766.0,3.6112432,20.5,9294.0,9294.0,21427.857,22939.32,0.0,2.2497258,-2.4371815
766.0,3.6112432,21.5,5735.0,5735.0,5867.272,16376.749,0.0,0.9020541,-2.1667354
768.0,3.5830407,0.5,0.0,0.0,0.0,0.0,0.0,0.0,0.0
768.0,3.5830407,1.5,27642.0,27642.0,56946.836,2808.3027,0.0,-0.74742544,-2.9177
768.0,3.5830407,2.5,31702.0,31702.0,69194.195,15154.809,0.0,-1.6068258,1.3637459
768.0,3.5830407,3.5,32528.0,32528.0,92671.64,29414.555,0.0,-2.2484415,2.6198869
768.0,3.5830407,4.5,36634.0,36634.0,57864.42,25128.236,0.0,-2.6051662,-2.59589
768.0,3.5830407,5.5,52518.0,52518.0,74391.33,25460.195,0.0,-1.91673,-2.6745071
768.0,3.5830407,6.5,65389.0,65389.0,94991.86,14335.841,0.0,-1.9922177,-1.7114342
768.0,3.5830407,7.5,67535.0,67535.0,64010.867,20103.592,0.0,-2.2285566,-0.5661564
768.0,3.5830407,8.5,71996.0,71996.0,74399.03,24069.771,0.0,-2.509021,-1.887538
768.0,3.5830407,9.5,81081.0,81081.0,51580.227,16790.23,0.0,-2.794222,0.7392882
768.0,3.5830407,10.5,84509.0,84509.0,53363.0,70929.1,0.0,2.9897835,2.7152097
768.0,3.5830407,11.5,86444.0,86444.0,79389.52,69638.484,0.0,1.8908929,-3.0599587
768.0,3.5830407,12.5,83223.0,83223.0,146035.0,77620.93,0.0,1.2151787,2.8090053
768.0,3.5830407,13.5,76631.0,76631.0,38114.863,65571.37,0.0,0.9095342,2.780772
768.0,3.5830407,14.5,67250.0,67250.0,16948.943,83790.65,0.0,0.08557052,-2.900135
768.0,3.5830407,15.5,55321.0,55321.0,8418.359,108684.17,0.0,-1.4179686,3.0084677
768.0,3.5830407,16.5,43468.0,43468.0,9650.138,90669.72,0.0,1.517568,-3.141134
768.0,3.5830407,17.5,34030.0,34030.0,34610.234,59627.902,0.0,2.3877923,3.0658815
768.0,3.5830407,18.5,24865.0,24865.0,31008.525,40836.434,0.0,2.6586163,-2.9650156
768.0,3.5830407,19.5,16458.0,16458.0,43253.58,25154.37,0.0,2.2722025,-3.0826175
768.0,3.5830407,20.5,9075.0,9075.0,20508.807,25647.176,0.0,2.532569,-3.0283592
768.0,3.5830407,21.5,5277.0,5277.0,8655.948,19573.088,0.0,1.6708747,-2.716375
770.0,3.5406764,0.5,0.0,0.0,0.0,0.0,0.0,0.0,0.0
770.0,3.5406764,1.5,26647.0,26647.0,55733.984,16006.011,0.0,-0.4778574,-2.7786188
770.0,3.5406764,2.5,30772.0,30772.0,70764.56,7863.261,0.0,-0.87905306,-2.338247
770.0,3.5406764,3.5,30872.0,30872.0,90378.21,30381.566,0.0,-1.6565539,1.5211735
770.0,3.5406764,4.5,38527.0,38527.0,73339.45,40648.098,0.0,-2.3233461,1.8789339
770.0,3.5406764,5.5,51957.0,51957.0,55736.734,40689.207,0.0,-1.7512805,2.470301
770.0,3.5406764,6.5,55856.0,55856.0,50812.605,37830.78,0.0,-1.8277518,3.026334
770.0,3.5406764,7.5,63991.0,63991.0,75665.93,14378.025,0.0,-2.4850326,-1.3204727
770.0,3.5406764,8.5,74039.0,74039.0,114036.74,21860.246,0.0,-2.650847,-1.11388
770.0,3.5406764,9.5,78433.0,78433.0,48584.383,19108.271,0.0,-2.3961606,-2.607505
770.0,3.5406764,10.5,77498.0,77498.0,17903.352,45023.7,0.0,2.6987193,3.0618055
770.0,3.5406764,11.5,82531.0,82531.0,93168.56,79391.54,0.0,1.1897287,2.4910245
770.0,3.5406764,12.5,84207.0,84207.0,108008.18,111226.984,0.0,1.175586,2.675118
770.0,3.5406764,13.5,77508.0,77508.0,78148.37,86878.89,0.0,0.74564886,2.4302773
770.0,3.5406764,14.5,66731.0,66731.0,19251.895,81943.74,0.0,0.59625787,2.2529025
770.0,3.5406764,15.5,54994.0,54994.0,16537.232,84205.664,0.0,-1.6300883,2.559378
770.0,3.5406764,16.5,43836.0,43836.0,7904.9917,64160.934,0.0,2.891423,2.6961343
770.0,3.5406764,17.5,31382.0,31382.0,30211.135,59743.816,0.0,2.9756947,2.7079232
770.0,3.5406764,18.5,23329.0,23329.0,34717.797,41206.99,0.0,2.6880271,2.9100509
770.0,3.5406764,19.5,16034.0,16034.0,24226.51,31192.66,0.0,2.4439547,2.485797
770.0,3.5406764,20.5,8662.0,8662.0,13957.476,28338.732,0.0,2.3330016,2.7685058
770.0,3.5406764,21.5,5132.0,5132.0,15267.354,20479.914,0.0,1.9492724,-2.9607568
772.0,3.5122938,0.5,0.0,0.0,0.0,0.0,0.0,0.0,0.0
772.0,3.5122938,1.5,25925.0,25925.0,30771.273,16865.66,0.0,0.21850441,2.796901
772.0,3.5122938,2.5,30078.0,30078.0,75010.1,9576.605,0.0,-0.4762521,1.7380462
772.0,3.5122938,3.5,29072.0,29072.0,72006.055,8101.8647,0.0,-1.1893052,-1.4490719
772.0,3.5122938,4.5,37014.0,37014.0,77183.375,19744.426,0.0,-2.285742,0.6594116
772.0,3.5122938,5.5,54508.0,54508.0,38362.418,48206.367,0.0,-2.3473558,1.6484873
772.0,3.5122938,6.5,56953.0,56953.0,57804.21,52767.062,0.0,-2.152721,2.5543532
772.0,3.5122938,7.5,59745.0,59745.0,57409.816,10130.161,0.0,-2.3523135,-2.1456692
772.0,3.5122938,8.5,75417.0,75417.0,74235.44,14647.398,0.0,-2.9652088,-1.0096672
772.0,3.5122938,9.5,78553.0,78553.0,82088.734,40312.816,0.0,-2.2281592,2.0963602
772.0,3.5122938,10.5,76124.0,76124.0,11716.295,34114.805,0.0,-3.066893,2.2408893
772.0,3.5122938,11.5,79988.0,79988.0,71554.266,62362.844,0.0,0.64450336,2.4953701
772.0,3.5122938,12.5,81464.0,81464.0,94477.07,110055.85,0.0,1.1749814,2.090944
772.0,3.5122938,13.5,79039.0,79039.0,56267.78,98923.58,0.0,0.7850424,2.2176595
772.0,3.5122938,14.5,67132.0,67132.0,29082.004,100939.83,0.0,-0.843071,1.867797
772.0,3.5122938,15.5,54597.0,54597.0,32018.525,61798.27,0.0,-1.6608963,2.078855
772.0,3.5122938,16.5,42770.0,42770.0,15727.983,53283.65,0.0,-1.6651019,2.2743244
772.0,3.5122938,17.5,32029.0,32029.0,29148.877,57534.965,0.0,2.8357027,2.653494
772.0,3.5122938,18.5,23674.0,23674.0,38425.773,36517.336,0.0,2.903057,2.835834
772.0,3.5122938,19.5,15103.0,15103.0,20053.455,32863.426,0.0,2.4508262,2.3626099
772.0,3.5122938,20.5,9078.0,9078.0,20952.643,23900.271,0.0,1.8704306,2.851323
772.0,3.5122938,21.5,5388.0,5388.0,16811.998,25030.604,0.0,1.8669139,-3.0559237
774.0,3.4809153,0.5,0.0,0.0,0.0,0.0,0.0,0.0,0.0
774.0,3.4809153,1.5,24774.0,24774.0,52669.75,23403.213,0.0,0.91774756,-1.9214618
774.0,3.4809153,2.5,29550.0,29550.0,50963.027,4806.5376,0.0,0.0183893,-2.5581234
774.0,3.4809153,3.5,29040.0,29040.0,50422.727,13469.16,0.0,-0.98028994,-2.875559
774.0,3.4809153,4.5,35925.0,35925.0,61600.19,25302.209,0.0,-1.8579515,-0.6220411
774.0,3.4809153,5.5,51739.0,51739.0,40960.78,58509.695,0.0,-1.730816,0.2509075
774.0,3.4809153,6.5,60064.0,60064.0,73977.25,42558.008,0.0,-2.2217257,1.3310714
774.0,3.4809153,7.5,59377.0,59377.0,68900.016,15711.869,0.0,-2.173349,0.16642936
774.0,3.4809153,8.5,72374.0,72374.0,92280.86,18785.705,0.0,-2.3686337,-0.86969316
774.0,3.4809153,9.5,76918.0,76918.0,88165.59,13647.241,0.0,-2.508847,1.5863208
774.0,3.4809153,10.5,78895.0,78895.0,47227.203,48914.266,0.0,3.064117,1.4793473
774.0,3.4809153,11.5,75898.0,75898.0,43451.504,39011.293,0.0,1.2341272,1.8228906
774.0,3.4809153,12.5,77575.0,77575.0,113598.49,111200.164,0.0,1.234853,1.8309244
774.0,3.4809153,13.5,77835.0,77835.0,70051.914,127478.22,0.0,1.5062089,1.4506637
774.0,3.4809153,14.5,67756.0,67756.0,31610.758,76546.086,0.0,-1.3661559,1.1369078
774.0,3.4809153,15.5,54329.0,54329.0,63958.63,54895.883,0.0,-1.5815444,1.8122299
774.0,3.4809153,16.5,43959.0,43959.0,45069.793,71910.12,0.0,-1.8291119,2.2829494
774.0,3.4809153,17.5,33440.0,33440.0,36506.176,46667.883,0.0,-2.7508783,2.400127
774.0,3.4809153,18.5,23541.0,23541.0,18199.857,32590.295,0.0,3.138113,3.0381858
774.0,3.4809153,19.5,15115.0,15115.0,18100.213,30975.588,0.0,2.495322,2.5050623
774.0,3.4809153,20.5,9258.0,9258.0,28928.328,30036.295,0.0,1.9432367,2.851382
774.0,3.4809153,21.5,6050.0,6050.0,21951.08,25543.318,0.0,1.6079739,-3.1261692
776.0,3.4493642,0.5,0.0,0.0,0.0,0.0,0.0,0.0,0.0
776.0,3.4493642,1.5,24102.0,24102.0,51778.668,18482.238,0.0,1.7003689,-1.9531263
776.0,3.4493642,2.5,29124.0,29124.0,47788.867,12928.082,0.0,1.2379552,-1.9536521
776.0,3.4493642,3.5,27662.0,27662.0,55218.848,26089.445,0.0,-0.2653578,-2.9299755
776.0,3.4493642,4.5,34510.0,34510.0,42737.06,32278.807,0.0,-1.6584218,-1.2824825
776.0,3.4493642,5.5,50104.0,50104.0,60878.066,44294.996,0.0,-2.2257204,-0.34106502
776.0,3.4493642,6.5,57337.0,57337.0,70962.086,14104.615,0.0,-2.5994399,1.4630373
776.0,3.4493642,7.5,61946.0,61946.0,44271.707,22898.012,0.0,-2.4306197,2.3025956
776.0,3.4493642,8.5,68816.0,68816.0,50083.92,3867.697,0.0,-2.357532,0.0059222076
776.0,3.4493642,9.5,75553.0,75553.0,88215.82,22013.244,0.0,-2.8224776,2.0764513
776.0,3.4493642,10.5,79115.0,79115.0,80982.17,47757.984,0.0,3.0415318,-0.1198996
776.0,3.4493642,11.5,77012.0,77012.0,92817.7,35934.82,0.0,1.3290272,2.558573
776.0,3.4493642,12.5,76529.0,76529.0,103295.87,79559.62,0.0,1.0712029,1.0698253
776.0,3.4493642,13.5,73634.0,73634.0,110043.5,153300.64,0.0,1.346153,1.2246299
776.0,3.4493642,14.5,65859.0,65859.0,24516.426,80524.88,0.0,-0.8370368,1.1968963
776.0,3.4493642,15.5,54013.0,54013.0,86024.8,54314.043,0.0,-1.3363415,1.6150572
776.0,3.4493642,16.5,44259.0,44259.0,85881.43,39179.906,0.0,-1.6760145,2.1630414
776.0,3.4493642,17.5,33635.0,33635.0,50207.11,45437.633,0.0,-2.3295183,2.2384934
776.0,3.4493642,18.5,23304.0,23304.0,17123.045,46511.266,0.0,-3.0183096,2.769407
776.0,3.4493642,19.5,15263.0,15263.0,21296.695,46748.41,0.0,1.7203361,2.5436792
776.0,3.4493642,20.5,9116.0,9116.0,22850.326,30324.686,0.0,1.6596879,2.7002156
776.0,3.4493642,21.5,5990.0,5990.0,26367.717,29940.494,0.0,1.9045433,-3.0389168
778.0,3.4176414,0.5,0.0,0.0,0.0,0.0,0.0,0.0,0.0
778.0,3.4176414,1.5,23401.0,23401.0,66131.695,14701.848,0.0,2.3389046,-0.83606106
778.0,3.4176414,2.5,28696.0,28696.0,51594.535,5780.5034,0.0,2.1431487,2.815236
778.0,3.4176414,3.5,28671.0,28671.0,26116.86,16980.182,0.0,0.35014564,3.116294
778.0,3.4176414,4.5,32716.0,32716.0,35249.895,32822.98,0.0,-1.2185233,-2.5840688
778.0,3.4176414,5.5,49479.0,49479.0,69504.79,50353.668,0.0,-2.1379886,-0.8813611
778.0,3.4176414,6.5,54572.0,54572.0,50933.918,24787.516,0.0,-2.402057,-0.4261351
778.0,3.4176414,7.5,60842.0,60842.0,58667.51,33686.027,0.0,-2.1122375,1.1506333
778.0,3.4176414,8.5,69385.0,69385.0,57079.414,22339.57,0.0,-1.3945589,1.1064157
778.0,3.4176414,9.5,77699.0,77699.0,59137.94,56527.21,0.0,-1.8284593,1.6905296
778.0,3.4176414,10.5,79096.0,79096.0,62013.492,41080.5,0.0,2.2322373,-0.33775192
778.0,3.4176414,11.5,79297.0,79297.0,103992.97,22263.44,0.0,1.5896916,0.82151103
778.0,3.4176414,12.5,75115.0,75115.0,111481.484,25363.076,0.0,0.66266334,1.7844623
778.0,3.4176414,13.5,70623.0,70623.0,68297.625,135364.42,0.0,0.89751387,1.1500897
778.0,3.4176414,14.5,62972.0,62972.0,47654.758,81457.44,0.0,-0.26976,0.7904385
778.0,3.4176414,15.5,54181.0,54181.0,82513.81,58058.363,0.0,-1.168203,1.0686965
778.0,3.4176414,16.5,43343.0,43343.0,86559.04,39772.113,0.0,-1.7642609,1.3908656
778.0,3.4176414,17.5,33350.0,33350.0,37398.13,47466.19,0.0,-2.0234747,2.0812676
778.0,3.4176414,18.5,23497.0,23497.0,20260.623,60100.77,0.0,-3.0684824,2.3305445
778.0,3.4176414,19.5,15693.0,15693.0,23664.4,42545.34,0.0,1.6735524,2.5060878
778.0,3.4176414,20.5,9612.0,9612.0,31733.186,28697.482,0.0,1.8204165,2.410368
778.0,3.4176414,21.5,5570.0,5570.0,24607.85,19988.008,0.0,2.1655798,2.8207977
780.0,3.38416,0.5,0.0,0.0,0.0,0.0,0.0,0.0,0.0
780.0,3.38416,1.5,23123.0,23123.0,67871.85,11385.632,0.0,2.8649411,2.8092704
780.0,3.38416,2.5,28212.0,28212.0,78531.88,6094.738,0.0,2.858627,0.84619135
780.0,3.38416,3.5,29270.0,29270.0,25310.191,12205.04,0.0,2.240653,1.2064195
780.0,3.38416,4.5,31277.0,31277.0,32982.695,27968.762,0.0,-1.7427992,2.6669455
780.0,3.38416,5.5,47229.0,47229.0,70695.94,29104.35,0.0,-2.585768,-2.613836
780.0,3.38416,6.5,54977.0,54977.0,80358.555,14347.399,0.0,-2.2322068,0.71648365
780.0,3.38416,7.5,56734.0,56734.0,72199.86,29471.254,0.0,-1.8311532,2.4348507
780.0,3.38416,8.5,69872.0,69872.0,114467.21,43375.395,0.0,-1.5971334,1.3638884
780.0,3.38416,9.5,77857.0,77857.0,69861.4,37526.816,0.0,-1.8436458,0.95549023
780.0,3.38416,10.5,80954.0,80954.0,24702.363,58993.76,0.0,2.034659,0.52317655
780.0,3.38416,11.5,78441.0,78441.0,70450.12,36247.297,0.0,1.4766651,-1.5281918
780.0,3.38416,12.5,73036.0,73036.0,74034.4,6875.6465,0.0,0.8364939,-1.1889082
780.0,3.38416,13.5,68847.0,68847.0,70175.05,105058.44,0.0,0.33328184,1.0385792
780.0,3.38416,14.5,59495.0,59495.0,30110.379,107882.625,0.0,-0.42478853,0.793769
780.0,3.38416,15.5,53039.0,53039.0,75223.24,70105.48,0.0,-1.307181,0.83479273
780.0,3.38416,16.5,43386.0,43386.0,63775.11,44542.59,0.0,-2.1268673,0.66599405
780.0,3.38416,17.5,32387.0,32387.0,21616.344,49587.902,0.0,-2.2423646,1.3707491
780.0,3.38416,18.5,23575.0,23575.0,3701.5405,53020.266,0.0,-0.42532474,1.9873531
780.0,3.38416,19.5,16251.0,16251.0,28822.89,34198.586,0.0,1.8532904,2.4857063
780.0,3.38416,20.5,9123.0,9123.0,33843.414,18382.393,0.0,1.9826903,2.0271926
780.0,3.38416,21.5,5313.0,5313.0,18286.39,11472.013,0.0,2.054985,1.5681963
782.0,3.3488593,0.5,0.0,0.0,0.0,0.0,0.0,0.0,0.0
782.0,3.3488593,1.5,22514.0,22514.0,45426.902,10845.694,0.0,-2.565427,1.677364
782.0,3.3488593,2.5,27308.0,27308.0,101288.41,7531.29,0.0,-2.9256477,-0.941726
782.0,3.3488593,3.5,28241.0,28241.0,45555.457,20372.176,0.0,-3.1348796,0.5762438
782.0,3.3488593,4.5,31684.0,31684.0,16565.059,19077.81,0.0,-1.5571178,1.5523963
782.0,3.3488593,5.5,44219.0,44219.0,58157.79,37866.492,0.0,-2.37984,3.0537918
782.0,3.3488593,6.5,54919.0,54919.0,79262.14,28220.602,0.0,-2.291508,-2.344773
782.0,3.3488593,7.5,55884.0,55884.0,49902.008,16842.55,0.0,-2.2994392,1.203313
782.0,3.3488593,8.5,68161.0,68161.0,88570.69,52286.027,0.0,-1.9801214,1.1846701
782.0,3.3488593,9.5,75577.0,75577.0,90182.82,68952.234,0.0,-2.2423475,0.012353911
782.0,3.3488593,10.5,79324.0,79324.0,18537.912,77229.63,0.0,2.8292596,-0.57511544
782.0,3.3488593,11.5,77790.0,77790.0,45074.69,13720.323,0.0,1.7702101,-0.73022944
782.0,3.3488593,12.5,74885.0,74885.0,55346.14,26734.414,0.0,1.6035175,-2.1768749
782.0,3.3488593,13.5,69541.0,69541.0,38227.348,78489.86,0.0,1.0282316,0.4474115
782.0,3.3488593,14.5,60004.0,60004.0,15929.827,104175.86,0.0,-0.4022261,0.60184824
782.0,3.3488593,15.5,51862.0,51862.0,40050.08,105398.38,0.0,-1.0958669,0.20550683
782.0,3.3488593,16.5,41002.0,41002.0,17802.031,56717.2,0.0,-2.2039304,0.2755423
782.0,3.3488593,17.5,30410.0,30410.0,15473.622,30466.607,0.0,-2.3953407,1.9430752
782.0,3.3488593,18.5,23213.0,23213.0,3202.4636,39633.457,0.0,2.8644872,1.6791681
782.0,3.3488593,19.5,15646.0,15646.0,15896.869,14627.743,0.0,1.7624451,1.9315835
782.0,3.3488593,20.5,9012.0,9012.0,20772.146,7304.041,0.0,2.3071342,1.285255
782.0,3.3488593,21.5,5210.0,5210.0,20671.15,13434.992,0.0,2.0878978,0.7486091
784.0,3.3133945,0.5,0.0,0.0,0.0,0.0,0.0,0.0,0.0
784.0,3.3133945,1.5,21778.0,21778.0,45192.27,13594.778,0.0,-1.6957581,-1.7277774
784.0,3.3133945,2.5,26356.0,26356.0,106414.47,12684.008,0.0,-2.4898448,-2.7888374
784.0,3.3133945,3.5,26300.0,26300.0,67897.59,11053.995,0.0,-2.787012,1.7233467
784.0,3.3133945,4.5,30300.0,30300.0,20173.707,10114.774,0.0,-1.8165041,-0.16063222
784.0,3.3133945,5.5,43251.0,43251.0,51681.895,15434.445,0.0,-2.2816255,2.0427532
784.0,3.3133945,6.5,50167.0,50167.0,83211.055,18744.295,0.0,-2.1034508,2.3085327
784.0,3.3133945,7.5,52543.0,52543.0,65013.62,28101.191,0.0,-2.381787,2.447474
784.0,3.3133945,8.5,62634.0,62634.0,62474.25,48970.695,0.0,-1.7245306,1.9712154
784.0,3.3133945,9.5,69226.0,69226.0,40632.82,21906.521,0.0,-1.2722527,2.6823575
784.0,3.3133945,10.5,73223.0,73223.0,31793.287,30506.957,0.0,1.5408237,-1.4950017
784.0,3.3133945,11.5,76310.0,76310.0,87655.1,68399.4,0.0,2.1699307,-1.3410611
784.0,3.3133945,12.5,73782.0,73782.0,95884.23,13041.515,0.0,1.9708692,-1.4182936
784.0,3.3133945,13.5,69194.0,69194.0,73321.125,59273.65,0.0,1.3582842,-0.087260656
784.0,3.3133945,14.5,60474.0,60474.0,50858.71,89068.31,0.0,0.7232964,0.17132178
784.0,3.3133945,15.5,50872.0,50872.0,48416.0,77762.44,0.0,-0.16638528,-0.05911627
784.0,3.3133945,16.5,39732.0,39732.0,22159.625,57687.246,0.0,-1.0110788,0.07357591
784.0,3.3133945,17.5,29627.0,29627.0,21998.404,6548.119,0.0,-2.2263203,0.29195836
784.0,3.3133945,18.5,21666.0,21666.0,12747.277,31534.283,0.0,-2.6181607,1.6545684
784.0,3.3133945,19.5,15150.0,15150.0,15567.046,16392.72,0.0,2.0723267,0.61897093
784.0,3.3133945,20.5,9185.0,9185.0,23019.969,12938.124,0.0,2.1844761,0.5247759
784.0,3.3133945,21.5,5223.0,5223.0,18064.531,9385.789,0.0,1.9219532,0.5944519
786.0,3.2955763,0.5,0.0,0.0,0.0,0.0,0.0,0.0,0.0
786.0,3.2955763,1.5,21925.0,21925.0,47082.58,8843.951,0.0,-1.4383409,0.0352145
786.0,3.2955763,2.5,26536.0,26536.0,91197.99,23770.113,0.0,-2.3877325,3.129553
786.0,3.2955763,3.5,25642.0,25642.0,76856.4,8863.946,0.0,-2.7110746,1.9394623
786.0,3.2955763,4.5,30807.0,30807.0,37538.21,5646.74,0.0,-1.7823828,0.18492976
786.0,3.2955763,5.5,42279.0,42279.0,38847.87,30349.367,0.0,-1.8683087,2.2333474
786.0,3.2955763,6.5,48951.0,48951.0,72966.73,37356.1,0.0,-2.142543,2.080002
786.0,3.2955763,7.5,53423.0,53423.0,54380.195,9921.517,0.0,-2.3645244,1.2486002
786.0,3.2955763,8.5,62008.0,62008.0,67864.94,57434.543,0.0,-1.6543058,1.6767853
786.0,3.2955763,9.5,68817.0,68817.0,52605.758,34772.117,0.0,-0.91131634,2.0852354
786.0,3.2955763,10.5,70108.0,70108.0,13786.032,8899.648,0.0,-0.5914288,-1.7749664
786.0,3.2955763,11.5,75802.0,75802.0,120345.09,47873.625,0.0,1.8535701,-1.4997761
786.0,3.2955763,12.5,74148.0,74148.0,114969.11,30537.146,0.0,1.9589936,-1.5300974
786.0,3.2955763,13.5,67254.0,67254.0,63368.973,65465.977,0.0,1.2523015,-0.38346538
786.0,3.2955763,14.5,60765.0,60765.0,86528.414,95084.0,0.0,0.67300653,0.20506743
786.0,3.2955763,15.5,51927.0,51927.0,39888.992,64599.133,0.0,0.08863288,-0.15724097
786.0,3.2955763,16.5,40300.0,40300.0,19028.025,54514.57,0.0,-1.4062897,-0.2415297
786.0,3.2955763,17.5,29676.0,29676.0,16516.723,11848.367,0.0,-1.9379739,-0.91099775
786.0,3.2955763,18.5,22245.0,22245.0,15432.237,28155.082,0.0,-2.9359565,1.1940886
786.0,3.2955763,19.5,15162.0,15162.0,19564.758,18927.922,0.0,2.2504914,0.088957526
786.0,3.2955763,20.5,9541.0,9541.0,20055.754,11851.324,0.0,2.1032782,0.5806823
786.0,3.2955763,21.5,5368.0,5368.0,14517.408,9780.1,0.0,1.7575738,0.7334857
788.0,3.2597687,0.5,0.0,0.0,0.0,0.0,0.0,0.0,0.0
788.0,3.2597687,1.5,21260.0,21260.0,60283.824,9763.017,0.0,-1.1085037,-0.85505414
788.0,3.2597687,2.5,25909.0,25909.0,79475.805,1475.8613,0.0,-1.7299694,-1.1326503
788.0,3.2597687,3.5,25002.0,25002.0,79745.96,9867.986,0.0,-2.5424647,-2.9886591
788.0,3.2597687,4.5,30884.0,30884.0,49210.777,5299.4897,0.0,-2.3521903,0.03779788
788.0,3.2597687,5.5,42687.0,42687.0,59732.75,13710.63,0.0,-1.806054,0.41575962
788.0,3.2597687,6.5,47611.0,47611.0,84891.61,29657.418,0.0,-2.1341128,1.8515389
788.0,3.2597687,7.5,51193.0,51193.0,53487.48,10826.869,0.0,-2.1023035,0.53440094
788.0,3.2597687,8.5,59789.0,59789.0,57614.383,10466.874,0.0,-1.2504641,-2.4369454
788.0,3.2597687,9.5,66291.0,66291.0,59850.42,30592.389,0.0,-1.7714739,-0.33364773
788.0,3.2597687,10.5,69367.0,69367.0,20369.332,8096.464,0.0,-1.3600451,0.053612776
788.0,3.2597687,11.5,71755.0,71755.0,85424.56,29021.047,0.0,1.8330246,-0.5844478
788.0,3.2597687,12.5,74140.0,74140.0,144171.84,64815.33,0.0,1.419424,-1.083733
788.0,3.2597687,13.5,66519.0,66519.0,69215.01,56115.973,0.0,0.77336943,-0.41994724
788.0,3.2597687,14.5,58657.0,58657.0,72601.97,91694.85,0.0,0.25455043,-0.26084894
788.0,3.2597687,15.5,50630.0,50630.0,47412.406,73139.05,0.0,0.5070493,-0.5575397
788.0,3.2597687,16.5,41340.0,41340.0,10882.638,55840.24,0.0,1.1964086,-0.75638324
788.0,3.2597687,17.5,31836.0,31836.0,14932.96,32148.2,0.0,3.0199597,-0.6377803
788.0,3.2597687,18.5,23571.0,23571.0,14681.893,14956.239,0.0,-2.910923,-0.11523068
788.0,3.2597687,19.5,15498.0,15498.0,10861.8125,7089.6533,0.0,2.649214,0.24149881
788.0,3.2597687,20.5,9519.0,9519.0,12220.175,9821.337,0.0,2.2128534,0.51930636
788.0,3.2597687,21.5,5686.0,5686.0,13227.34,11595.541,0.0,1.9837496,0.7792217
790.0,3.2201948,0.5,0.0,0.0,0.0,0.0,0.0,0.0,0.0
790.0,3.2201948,1.5,21101.0,21101.0,67315.36,3969.187,0.0,-0.63447213,-2.1215553
790.0,3.2201948,2.5,25841.0,25841.0,66467.086,19428.502,0.0,-1.1326958,-2.2366424
790.0,3.2201948,3.5,24832.0,24832.0,79290.516,15470.711,0.0,-2.3124804,-2.9025085
790.0,3.2201948,4.5,29604.0,29604.0,57114.168,9014.244,0.0,-2.538802,2.8352053
790.0,3.2201948,5.5,42008.0,42008.0,61342.207,31058.908,0.0,-1.6165363,-0.8294847
790.0,3.2201948,6.5,45807.0,45807.0,63480.242,8515.387,0.0,-1.9548051,1.6083006
790.0,3.2201948,7.5,48631.0,48631.0,66775.39,25178.652,0.0,-2.3248575,0.7857731
790.0,3.2201948,8.5,58595.0,58595.0,31401.527,12426.802,0.0,-1.6273346,-2.3555713
790.0,3.2201948,9.5,66201.0,66201.0,42999.94,16412.713,0.0,-1.488732,-1.6118858
790.0,3.2201948,10.5,69005.0,69005.0,22389.83,83120.05,0.0,2.3466647,-2.1675456
790.0,3.2201948,11.5,69192.0,69192.0,70319.14,36509.098,0.0,2.2542365,-0.97594863
790.0,3.2201948,12.5,71193.0,71193.0,90669.74,61294.6,0.0,1.2843938,-1.5503314
790.0,3.2201948,13.5,66213.0,66213.0,62475.68,61894.58,0.0,0.67848474,-1.1999426
790.0,3.2201948,14.5,58106.0,58106.0,69225.1,73093.19,0.0,-0.16921702,-1.0364625
790.0,3.2201948,15.5,49935.0,49935.0,49362.82,58819.195,0.0,0.05247841,-1.2376432
790.0,3.2201948,16.5,42257.0,42257.0,11199.616,49386.215,0.0,1.950425,-1.4971296
790.0,3.2201948,17.5,32851.0,32851.0,19425.998,47241.55,0.0,-3.051393,-1.013826
790.0,3.2201948,18.5,23633.0,23633.0,14813.509,23104.258,0.0,-2.9427664,-0.81951576
790.0,3.2201948,19.5,15428.0,15428.0,25586.348,4521.436,0.0,-2.3188689,0.61303246
790.0,3.2201948,20.5,9746.0,9746.0,9473.741,11480.205,0.0,-3.0419946,0.18062545
790.0,3.2201948,21.5,5903.0,5903.0,7768.7026,13458.98,0.0,1.3873715,0.46812135
792.0,3.2002516,0.5,0.0,0.0,0.0,0.0,0.0,0.0,0.0
792.0,3.2002516,1.5,20325.0,20325.0,46811.36,8803.918,0.0,-0.45287147,-0.8518646
792.0,3.2002516,2.5,25319.0,25319.0,62995.484,7090.0576,0.0,-1.0129403,-2.088595
792.0,3.2002516,3.5,25381.0,25381.0,71172.5,15939.817,0.0,-2.0038614,-3.0257373
792.0,3.2002516,4.5,28463.0,28463.0,51294.934,2605.5723,0.0,-2.197504,1.9950632
792.0,3.2002516,5.5,40430.0,40430.0,66788.734,16876.79,0.0,-1.7649376,-1.0570717
792.0,3.2002516,6.5,45271.0,45271.0,61588.84,9490.777,0.0,-1.76406,-1.4717479
792.0,3.2002516,7.5,49179.0,49179.0,56955.527,5159.9253,0.0,-2.2919364,1.5040449
792.0,3.2002516,8.5,58038.0,58038.0,42475.87,27737.332,0.0,-1.26159,-2.1635177
792.0,3.2002516,9.5,66278.0,66278.0,37591.32,25141.986,0.0,-1.4305211,-2.3313994
792.0,3.2002516,10.5,70006.0,70006.0,29713.936,73341.02,0.0,2.7801492,-2.1800678
792.0,3.2002516,11.5,68010.0,68010.0,106884.64,22751.049,0.0,2.1574473,-0.8653171
792.0,3.2002516,12.5,68099.0,68099.0,99780.05,51889.484,0.0,1.5937127,-1.9652172
792.0,3.2002516,13.5,65320.0,65320.0,45615.14,72481.17,0.0,0.9085285,-2.0018897
792.0,3.2002516,14.5,57579.0,57579.0,56175.02,67580.484,0.0,-0.51648724,-1.6587844
792.0,3.2002516,15.5,48604.0,48604.0,57399.805,49820.145,0.0,-0.44719377,-1.7299472
792.0,3.2002516,16.5,41815.0,41815.0,2258.6853,52459.176,0.0,0.29214677,-1.7528698
792.0,3.2002516,17.5,33122.0,33122.0,35835.78,35099.65,0.0,-2.9129586,-1.0379143
792.0,3.2002516,18.5,23056.0,23056.0,16304.791,28515.516,0.0,-2.8600864,-0.87562054
792.0,3.2002516,19.5,14891.0,14891.0,32037.986,8388.674,0.0,-2.4354887,-0.19236621
792.0,3.2002516,20.5,9826.0,9826.0,10622.34,16302.981,0.0,-2.4981084,-0.08972219
792.0,3.2002516,21.5,5801.0,5801.0,3873.3516,12899.305,0.0,2.6313934,-0.120181985
794.0,3.1602678,0.5,0.0,0.0,0.0,0.0,0.0,0.0,0.0
794.0,3.1602678,1.5,19886.0,19886.0,19058.184,4616.8916,0.0,-0.025363807,1.9129544
794.0,3.1602678,2.5,24627.0,24627.0,55413.92,5301.274,0.0,-0.40742278,0.47076774
794.0,3.1602678,3.5,24690.0,24690.0,50431.402,11767.425,0.0,-1.3999227,1.9330148
794.0,3.1602678,4.5,26012.0,26012.0,43135.746,4863.6245,0.0,-2.1246066,1.1765656
794.0,3.1602678,5.5,38197.0,38197.0,50270.094,22616.504,0.0,-1.8115273,-2.7565026
794.0,3.1602678,6.5,45828.0,45828.0,74688.555,18176.963,0.0,-1.6306983,-2.196187
794.0,3.1602678,7.5,48334.0,48334.0,75212.21,13787.539,0.0,-1.9615679,2.2315884
794.0,3.1602678,8.5,56628.0,56628.0,69884.93,55084.277,0.0,-0.83027244,3.11717
794.0,3.1602678,9.5,63894.0,63894.0,36757.703,46910.652,0.0,-0.97740996,2.9011881
794.0,3.1602678,10.5,69764.0,69764.0,80166.96,42596.777,0.0,2.5421803,-2.5691483
794.0,3.1602678,11.5,69521.0,69521.0,112003.65,31821.512,0.0,2.0778623,-1.6885554
794.0,3.1602678,12.5,65292.0,65292.0,124273.67,40645.113,0.0,1.7362587,-2.1319246
794.0,3.1602678,13.5,59956.0,59956.0,64350.664,75694.62,0.0,0.95562327,2.954256
794.0,3.1602678,14.5,56064.0,56064.0,14013.747,103866.52,0.0,-1.3545603,-2.9782028
794.0,3.1602678,15.5,48287.0,48287.0,36460.043,42840.777,0.0,-0.8014914,-1.9439073
794.0,3.1602678,16.5,40034.0,40034.0,35017.418,46377.395,0.0,-2.8260334,-1.271492
794.0,3.1602678,17.5,31162.0,31162.0,49252.016,28223.178,0.0,-2.7863228,-1.534585
794.0,3.1602678,18.5,23242.0,23242.0,26967.87,20983.53,0.0,-2.7912538,-0.9109664
794.0,3.1602678,19.5,15694.0,15694.0,20988.746,16039.083,0.0,-2.912257,-0.7595607
794.0,3.1602678,20.5,9144.0,9144.0,16305.514,10581.274,0.0,-2.8105497,-0.4517046
794.0,3.1602678,21.5,5721.0,5721.0,5858.9233,14583.848,0.0,3.043622,-0.68731666
797.0,3.1200013,0.5,0.0,0.0,0.0,0.0,0.0,0.0,0.0
797.0,3.1200013,1.5,19555.0,19555.0,27787.826,15949.622,0.0,1.751849,-0.9404889
797.0,3.1200013,2.5,24434.0,24434.0,14500.342,8865.807,0.0,0.33197844,-0.9799479
797.0,3.1200013,3.5,24395.0,24395.0,39030.484,15790.539,0.0,-0.9279792,-0.42056668
797.0,3.1200013,4.5,26313.0,26313.0,44889.65,1428.9972,0.0,-2.098889,-1.260527
797.0,3.1200013,5.5,35880.0,35880.0,48754.297,19218.656,0.0,-1.8076276,2.7219594
797.0,3.1200013,6.5,43393.0,43393.0,61996.645,10569.946,0.0,-1.5679601,3.0894284
797.0,3.1200013,7.5,44289.0,44289.0,55911.94,26445.098,0.0,-2.151402,-3.1012442
797.0,3.1200013,8.5,53415.0,53415.0,61960.99,47385.855,0.0,-1.170341,-3.0557652
797.0,3.1200013,9.5,59716.0,59716.0,28672.424,49163.434,0.0,-0.5812677,2.693154
797.0,3.1200013,10.5,67070.0,67070.0,55230.344,59777.605,0.0,2.141591,-2.6830695
797.0,3.1200013,11.5,67210.0,67210.0,110729.28,24780.389,0.0,1.8476497,-0.6407292
797.0,3.1200013,12.5,63658.0,63658.0,128596.06,57321.305,0.0,1.8457319,-2.5558977
797.0,3.1200013,13.5,58255.0,58255.0,72199.71,72898.25,0.0,0.87761736,2.6743298
797.0,3.1200013,14.5,51268.0,51268.0,27598.262,78581.11,0.0,1.1188273,2.4860225
797.0,3.1200013,15.5,44982.0,44982.0,33933.164,43169.94,0.0,1.4542468,-2.5072567
797.0,3.1200013,16.5,37395.0,37395.0,18658.066,31875.555,0.0,2.0412273,-1.5658056
797.0,3.1200013,17.5,29212.0,29212.0,32159.963,28838.088,0.0,-2.468175,-1.9906319
797.0,3.1200013,18.5,22083.0,22083.0,23343.68,18046.758,0.0,-2.4051096,-2.070374
797.0,3.1200013,19.5,15274.0,15274.0,13611.495,16355.304,0.0,2.8927863,-1.2698061
797.0,3.1200013,20.5,8603.0,8603.0,10659.654,15907.062,0.0,-2.9910254,-1.2647276
797.0,3.1200013,21.5,5455.0,5455.0,3364.2534,18387.629,0.0,-1.2194278,-1.0323772
798.0,3.0997872,0.5,0.0,0.0,0.0,0.0,0.0,0.0,0.0
798.0,3.0997872,1.5,19510.0,19510.0,31645.477,1873.3861,0.0,1.851532,2.7966914
798.0,3.0997872,2.5,23710.0,23710.0,12424.5625,12323.461,0.0,1.9588063,-0.887079
798.0,3.0997872,3.5,23940.0,23940.0,31877.738,11563.47,0.0,-0.9681743,-1.1951116
798.0,3.0997872,4.5,26196.0,26196.0,29194.77,2394.637,0.0,-1.7759521,2.6077783
798.0,3.0997872,5.5,35680.0,35680.0,32321.994,12396.233,0.0,-1.8616569,2.7098782
798.0,3.0997872,6.5,42016.0,42016.0,67446.0,14951.142,0.0,-1.6569273,2.4483466
798.0,3.0997872,7.5,43303.0,43303.0,49502.992,25931.82,0.0,-2.0333805,2.7181559
798.0,3.0997872,8.5,51842.0,51842.0,47351.51,52865.38,0.0,-1.380414,3.112135
798.0,3.0997872,9.5,59407.0,59407.0,24931.209,51919.4,0.0,-0.6577792,2.8236594
798.0,3.0997872,10.5,66372.0,66372.0,39997.945,77697.68,0.0,2.137535,2.7928848
798.0,3.0997872,11.5,66963.0,66963.0,84648.21,13016.585,0.0,1.9979348,-0.012396767
798.0,3.0997872,12.5,63498.0,63498.0,126925.44,60941.23,0.0,1.7470317,-2.930407
798.0,3.0997872,13.5,56169.0,56169.0,96611.03,67557.62,0.0,0.9726628,2.8537457
798.0,3.0997872,14.5,48955.0,48955.0,55717.77,42777.586,0.0,0.59818006,2.3168905
798.0,3.0997872,15.5,43471.0,43471.0,30973.19,36921.67,0.0,1.4674098,-2.5791304
798.0,3.0997872,16.5,36660.0,36660.0,8103.3486,32517.982,0.0,1.5648609,-2.5328481
798.0,3.0997872,17.5,29023.0,29023.0,16763.957,25200.264,0.0,-2.3147252,-2.2726398
798.0,3.0997872,18.5,21276.0,21276.0,24205.998,22823.264,0.0,-2.6086903,-2.4228866
798.0,3.0997872,19.5,14284.0,14284.0,9144.082,14937.945,0.0,2.7548099,-1.4221661
798.0,3.0997872,20.5,8563.0,8563.0,4909.346,20674.705,0.0,-2.706826,-1.3954872
798.0,3.0997872,21.5,5445.0,5445.0,7105.926,17616.916,0.0,-1.1216593,-1.2428958
802.0,3.0325363,0.5,0.0,0.0,0.0,0.0,0.0,0.0,0.0
802.0,3.0325363,1.5,18096.0,18096.0,34357.31,9329.011,0.0,-3.1056817,1.288059
802.0,3.0325363,2.5,22471.0,22471.0,57345.28,2057.1145,0.0,-2.8574843,-2.7255688
802.0,3.0325363,3.5,21787.0,21787.0,8260.211,7114.268,0.0,2.817274,-2.9120574
802.0,3.0325363,4.5,25919.0,25919.0,28534.537,1078.2198,0.0,-1.778621,2.9268517
802.0,3.0325363,5.5,33013.0,33013.0,22720.623,16551.89,0.0,-2.2447972,-0.40668505
802.0,3.0325363,6.5,39881.0,39881.0,17575.643,19770.953,0.0,-1.5952032,0.7568761
802.0,3.0325363,7.5,41551.0,41551.0,37742.36,20962.49,0.0,-2.2298708,1.4522367
802.0,3.0325363,8.5,49285.0,49285.0,18882.242,28386.273,0.0,2.4693255,2.086221
802.0,3.0325363,9.5,55137.0,55137.0,31531.684,27142.102,0.0,1.012649,1.272831
802.0,3.0325363,10.5,61006.0,61006.0,27735.512,22985.232,0.0,0.88468605,1.0816898
802.0,3.0325363,11.5,67314.0,67314.0,60602.58,11686.348,0.0,2.3199208,-0.14879435
802.0,3.0325363,12.5,65393.0,65393.0,22163.492,47114.117,0.0,1.2025136,1.201983
802.0,3.0325363,13.5,55889.0,55889.0,55395.055,49676.965,0.0,0.93289846,1.9536309
802.0,3.0325363,14.5,48985.0,48985.0,41232.152,55996.363,0.0,0.036743794,2.5713646
802.0,3.0325363,15.5,41106.0,41106.0,26512.248,60365.082,0.0,0.31352276,2.6376004
802.0,3.0325363,16.5,33099.0,33099.0,20738.229,36097.93,0.0,0.43573138,3.0224888
802.0,3.0325363,17.5,25196.0,25196.0,9620.908,27480.705,0.0,-0.69879985,-2.8817441
802.0,3.0325363,18.5,19098.0,19098.0,11990.753,11271.967,0.0,-0.7993491,-3.0300074
802.0,3.0325363,19.5,13333.0,13333.0,5625.0854,13386.451,0.0,-1.8057321,2.8107975
802.0,3.0325363,20.5,8539.0,8539.0,10505.618,22794.55,0.0,-2.1464279,-2.110048
802.0,3.0325363,21.5,5230.0,5230.0,7909.5815,18665.0,0.0,-1.2410642,-1.3952948
805.0,2.987318,0.5,0.0,0.0,0.0,0.0,0.0,0.0,0.0
805.0,2.987318,1.5,17608.0,17608.0,36943.117,2072.6978,0.0,-2.2429326,2.3517823
805.0,2.987318,2.5,21927.0,21927.0,65461.836,8367.577,0.0,-2.5582964,-2.495194
805.0,2.987318,3.5,21711.0,21711.0,31850.049,4446.113,0.0,-2.5726936,0.1370797
805.0,2.987318,4.5,24570.0,24570.0,19606.371,13055.754,0.0,-2.2243707,1.5748533
805.0,2.987318,5.5,34795.0,34795.0,24499.705,15520.729,0.0,-2.4687898,-1.274532
805.0,2.987318,6.5,37778.0,37778.0,17885.562,23082.04,0.0,-1.9686369,-0.8186469
805.0,2.987318,7.5,41470.0,41470.0,41252.45,17136.635,0.0,-1.7022566,0.5484022
805.0,2.987318,8.5,48076.0,48076.0,11404.055,19906.064,0.0,-0.30857858,0.5641994
805.0,2.987318,9.5,51953.0,51953.0,29781.086,31120.56,0.0,0.24408682,-0.16150399
805.0,2.987318,10.5,60871.0,60871.0,37122.293,40371.79,0.0,2.38548,-0.597708
805.0,2.987318,11.5,64477.0,64477.0,86293.74,43497.875,0.0,2.5215054,-1.0276552
805.0,2.987318,12.5,63735.0,63735.0,58621.684,9537.389,0.0,2.0982485,0.9138481
805.0,2.987318,13.5,54775.0,54775.0,26847.445,40137.902,0.0,2.1936285,1.3399298
805.0,2.987318,14.5,46705.0,46705.0,26131.408,55348.098,0.0,-0.6619013,1.9620754
805.0,2.987318,15.5,42045.0,42045.0,20463.018,40207.96,0.0,-0.879316,2.6020997
805.0,2.987318,16.5,33662.0,33662.0,14734.788,40953.547,0.0,-2.0683434,2.3137033
805.0,2.987318,17.5,23834.0,23834.0,17080.002,17946.582,0.0,-0.64704394,2.1376274
805.0,2.987318,18.5,17279.0,17279.0,24852.715,5435.7,0.0,-0.8011058,-3.1095762
805.0,2.987318,19.5,12547.0,12547.0,18327.307,4092.519,0.0,-1.3026564,-3.0471241
805.0,2.987318,20.5,8481.0,8481.0,11801.019,7701.6885,0.0,-2.436976,-2.393165
805.0,2.987318,21.5,5596.0,5596.0,4038.0793,14326.592,0.0,-2.541687,-1.9675156
806.0,2.9645684,0.5,0.0,0.0,0.0,0.0,0.0,0.0,0.0
806.0,2.9645684,1.5,17315.0,17315.0,36548.75,2371.515,0.0,-1.9032975,-0.4077709
806.0,2.9645684,2.5,21572.0,21572.0,53850.81,3775.4756,0.0,-2.2796357,-1.362753
806.0,2.9645684,3.5,21990.0,21990.0,48513.973,8590.315,0.0,-2.4328256,-0.9722654
806.0,2.9645684,4.5,23945.0,23945.0,28961.209,10150.002,0.0,-2.0393991,0.37118012
806.0,2.9645684,5.5,33260.0,33260.0,45042.24,11300.349,0.0,-2.1538706,-0.95338035
806.0,2.9645684,6.5,38279.0,38279.0,22210.824,12626.872,0.0,-1.974628,-0.54239726
806.0,2.9645684,7.5,41481.0,41481.0,30021.852,15494.633,0.0,-1.168209,0.3950759
806.0,2.9645684,8.5,49073.0,49073.0,9029.302,21759.766,0.0,2.471408,-0.3129958
806.0,2.9645684,9.5,52731.0,52731.0,14465.63,21965.748,0.0,0.6515096,-0.01605576
806.0,2.9645684,10.5,59242.0,59242.0,51059.11,55164.348,0.0,2.483027,-1.0713819
806.0,2.9645684,11.5,63068.0,63068.0,105971.32,73402.445,0.0,2.464878,-1.3488641
806.0,2.9645684,12.5,63551.0,63551.0,69479.64,16590.477,0.0,1.8553126,1.6758189
806.0,2.9645684,13.5,53862.0,53862.0,61635.87,50497.105,0.0,1.7940272,2.3007593
806.0,2.9645684,14.5,47209.0,47209.0,6423.914,40458.617,0.0,-1.2865405,2.0748231
806.0,2.9645684,15.5,41539.0,41539.0,28814.477,45880.73,0.0,-1.9615227,2.1867912
806.0,2.9645684,16.5,33255.0,33255.0,19404.72,35562.96,0.0,-2.5138662,2.1075869
806.0,2.9645684,17.5,24267.0,24267.0,18782.787,16352.392,0.0,-1.6045432,1.8094805
806.0,2.9645684,18.5,17209.0,17209.0,19322.963,1793.3038,0.0,-0.87073445,-2.5981479
806.0,2.9645684,19.5,12456.0,12456.0,12589.559,3058.072,0.0,-1.9074086,-2.0201502
806.0,2.9645684,20.5,8708.0,8708.0,13287.979,6937.1675,0.0,-2.5670004,-2.9021842
806.0,2.9645684,21.5,5183.0,5183.0,4360.5513,7061.7183,0.0,3.0815134,-1.9661046
808.0,2.9417686,0.5,0.0,0.0,0.0,0.0,0.0,0.0,0.0
808.0,2.9417686,1.5,17054.0,17054.0,42490.29,11658.908,0.0,-1.3302928,-1.7018486
808.0,2.9417686,2.5,21132.0,21132.0,45163.53,3770.5889,0.0,-2.114399,-1.9500215
808.0,2.9417686,3.5,22366.0,22366.0,45913.465,17368.672,0.0,-2.345948,-1.3789804
808.0,2.9417686,4.5,23785.0,23785.0,26080.682,12707.958,0.0,-2.1866446,-1.2064533
808.0,2.9417686,5.5,32603.0,32603.0,40456.87,22057.072,0.0,-2.436298,-2.1732564
808.0,2.9417686,6.5,37533.0,37533.0,21357.877,20891.438,0.0,-1.9247986,-1.8730948
808.0,2.9417686,7.5,41788.0,41788.0,38459.55,18716.861,0.0,-1.6937429,-0.7972161
808.0,2.9417686,8.5,49679.0,49679.0,17200.48,25093.662,0.0,1.6607465,-0.5049555
808.0,2.9417686,9.5,54261.0,54261.0,42593.355,23587.32,0.0,0.90129405,-1.1635963
808.0,2.9417686,10.5,58222.0,58222.0,44240.81,55093.676,0.0,2.785578,-0.8203077
808.0,2.9417686,11.5,62144.0,62144.0,94065.14,89425.92,0.0,2.3909488,-2.0045745
808.0,2.9417686,12.5,61675.0,61675.0,101820.9,16132.63,0.0,1.7913637,2.8185787
808.0,2.9417686,13.5,53617.0,53617.0,47937.617,57026.004,0.0,1.7996286,1.8180639
808.0,2.9417686,14.5,46238.0,46238.0,24005.434,59566.016,0.0,1.7636312,2.031775
808.0,2.9417686,15.5,40993.0,40993.0,11734.667,45228.348,0.0,-2.9559062,2.0857306
808.0,2.9417686,16.5,33557.0,33557.0,18869.5,37183.27,0.0,-2.5125995,1.8112568
808.0,2.9417686,17.5,24562.0,24562.0,14530.481,19440.191,0.0,-2.3853369,1.8234855
808.0,2.9417686,18.5,17843.0,17843.0,2050.257,10852.263,0.0,-1.2781262,2.7384534
808.0,2.9417686,19.5,12624.0,12624.0,13643.21,4549.485,0.0,-2.2139184,-1.6625279
808.0,2.9417686,20.5,8255.0,8255.0,6119.2783,6971.437,0.0,-2.2655425,-2.856241
808.0,2.9417686,21.5,5376.0,5376.0,8825.861,8681.809,0.0,-2.6768043,-2.4574914
810.0,2.9044342,0.5,0.0,0.0,0.0,0.0,0.0,0.0,0.0
810.0,2.9044342,1.5,15805.0,15805.0,28942.11,4865.783,0.0,-0.68953973,-2.2709115
810.0,2.9044342,2.5,19398.0,19398.0,45138.336,4172.2256,0.0,-1.2031136,-1.1526029
810.0,2.9044342,3.5,22621.0,22621.0,53200.527,11287.082,0.0,-1.9414701,-3.1066844
810.0,2.9044342,4.5,23113.0,23113.0,24243.096,14362.9795,0.0,-1.9882922,-2.2465808
810.0,2.9044342,5.5,33270.0,33270.0,47618.285,17979.936,0.0,-2.2502847,-2.243675
810.0,2.9044342,6.5,37309.0,37309.0,28578.154,12730.696,0.0,-1.6497303,2.9788375
810.0,2.9044342,7.5,39838.0,39838.0,30222.213,27761.535,0.0,-2.1374888,-1.0849416
810.0,2.9044342,8.5,46758.0,46758.0,21200.633,27354.617,0.0,-2.9627151,-1.3533213
810.0,2.9044342,9.5,55647.0,55647.0,35955.137,9518.682,0.0,0.5916896,3.071521
810.0,2.9044342,10.5,57935.0,57935.0,53722.492,19920.816,0.0,2.7833354,-2.2369552
810.0,2.9044342,11.5,61145.0,61145.0,83755.96,75106.2,0.0,2.8133998,-2.1517186
810.0,2.9044342,12.5,59237.0,59237.0,103020.48,26643.527,0.0,1.8549582,2.492682
810.0,2.9044342,13.5,51254.0,51254.0,69828.336,50064.23,0.0,1.5248704,1.7059889
810.0,2.9044342,14.5,43838.0,43838.0,40383.39,32069.428,0.0,1.3648014,1.1594272
810.0,2.9044342,15.5,37685.0,37685.0,25614.518,41672.758,0.0,1.0611238,1.3947134
810.0,2.9044342,16.5,31630.0,31630.0,17048.281,58440.79,0.0,1.8661128,1.398844
810.0,2.9044342,17.5,25349.0,25349.0,10839.909,33329.418,0.0,2.8515391,1.3442742
810.0,2.9044342,18.5,18769.0,18769.0,3637.0864,16323.101,0.0,-0.48858404,1.9606177
810.0,2.9044342,19.5,12554.0,12554.0,5463.4736,6547.736,0.0,-1.496929,-3.125359
810.0,2.9044342,20.5,8413.0,8413.0,6032.1514,4525.021,0.0,2.836237,-2.9132302
810.0,2.9044342,21.5,5447.0,5447.0,7384.0444,10571.594,0.0,-3.1202288,3.0807092
812.0,2.8794591,0.5,0.0,0.0,0.0,0.0,0.0,0.0,0.0
812.0,2.8794591,1.5,15993.0,15993.0,21938.305,3530.4846,0.0,-0.24856073,-0.7480003
812.0,2.8794591,2.5,20093.0,20093.0,36740.367,5021.196,0.0,-0.92060894,1.9519249
812.0,2.8794591,3.5,21752.0,21752.0,37072.438,18592.816,0.0,-1.627739,3.0249777
812.0,2.8794591,4.5,22669.0,22669.0,18583.855,22018.363,0.0,-1.362995,-3.0646021
812.0,2.8794591,5.5,31444.0,31444.0,37777.59,17365.076,0.0,-2.451269,2.8703516
812.0,2.8794591,6.5,37601.0,37601.0,35064.54,14898.085,0.0,-2.5480113,2.958143
812.0,2.8794591,7.5,38870.0,38870.0,24863.348,24133.43,0.0,-2.56116,-1.6196615
812.0,2.8794591,8.5,45590.0,45590.0,26827.602,6083.777,0.0,-2.9584146,-1.5265265
812.0,2.8794591,9.5,55382.0,55382.0,10881.416,1970.1765,0.0,2.939443,-2.3321025
812.0,2.8794591,10.5,58748.0,58748.0,65124.38,25314.846,0.0,2.6210675,-2.5349548
812.0,2.8794591,11.5,60207.0,60207.0,73765.39,62126.91,0.0,2.3217278,-2.4029872
812.0,2.8794591,12.5,58475.0,58475.0,65127.734,27181.338,0.0,2.0754387,2.4427009
812.0,2.8794591,13.5,51831.0,51831.0,57985.49,46222.83,0.0,1.4679426,0.9905179
812.0,2.8794591,14.5,41504.0,41504.0,45334.44,13623.143,0.0,1.0107204,-0.2678524
812.0,2.8794591,15.5,35519.0,35519.0,42574.246,46314.37,0.0,0.8869963,0.76681924
812.0,2.8794591,16.5,29845.0,29845.0,17458.19,56297.35,0.0,1.066631,1.0917041
812.0,2.8794591,17.5,24739.0,24739.0,2322.2024,34365.85,0.0,-0.7934295,1.1062979
812.0,2.8794591,18.5,19774.0,19774.0,2523.0134,9781.293,0.0,0.11250547,1.8591405
812.0,2.8794591,19.5,12697.0,12697.0,12012.941,6517.4326,0.0,-0.4341687,2.003148
812.0,2.8794591,20.5,8192.0,8192.0,2600.1445,6718.2114,0.0,2.9063294,2.2176466
812.0,2.8794591,21.5,5701.0,5701.0,6077.1387,10163.539,0.0,2.7300107,3.063383
814.0,2.8405018,0.5,0.0,0.0,0.0,0.0,0.0,0.0,0.0
814.0,2.8405018,1.5,15419.0,15419.0,20072.54,7110.7046,0.0,1.2125831,-0.15625404
814.0,2.8405018,2.5,19413.0,19413.0,17782.676,12581.991,0.0,0.0069483295,0.13680874
814.0,2.8405018,3.5,20981.0,20981.0,26759.225,11528.001,0.0,-1.1426561,0.54368883
814.0,2.8405018,4.5,23025.0,23025.0,23561.229,14293.731,0.0,-1.6465088,1.4943849
814.0,2.8405018,5.5,30465.0,30465.0,28097.547,23567.627,0.0,-1.9731416,1.6185802
814.0,2.8405018,6.5,37282.0,37282.0,28728.926,31306.787,0.0,-2.5042262,2.5881722
814.0,2.8405018,7.5,38254.0,38254.0,21854.873,16181.399,0.0,-1.5859182,-2.8489313
814.0,2.8405018,8.5,44253.0,44253.0,12815.439,12357.764,0.0,-2.7804284,2.8117144
814.0,2.8405018,9.5,51856.0,51856.0,25593.877,9570.858,0.0,2.009128,2.780134
814.0,2.8405018,10.5,57919.0,57919.0,61450.703,14049.424,0.0,2.1537733,-1.998054
814.0,2.8405018,11.5,62722.0,62722.0,81221.39,59805.953,0.0,2.5096955,-3.022554
814.0,2.8405018,12.5,60199.0,60199.0,65106.18,33439.02,0.0,2.581725,2.0831552
814.0,2.8405018,13.5,50375.0,50375.0,49988.43,20404.115,0.0,1.4196552,-0.4869318
814.0,2.8405018,14.5,39616.0,39616.0,40237.977,25176.037,0.0,-0.09486896,-1.3028425
814.0,2.8405018,15.5,33327.0,33327.0,29016.398,15895.21,0.0,0.44281864,0.041464332
814.0,2.8405018,16.5,28843.0,28843.0,19217.873,32217.2,0.0,0.00603915,0.4637986
814.0,2.8405018,17.5,23743.0,23743.0,7670.518,24500.213,0.0,-0.54370964,0.57868814
814.0,2.8405018,18.5,18603.0,18603.0,3940.6648,6190.291,0.0,-1.0543022,3.032368
814.0,2.8405018,19.5,12600.0,12600.0,17253.27,6199.5464,0.0,-0.742782,-2.6135173
814.0,2.8405018,20.5,8208.0,8208.0,12066.112,5451.1245,0.0,-1.4179788,1.9846878
814.0,2.8405018,21.5,4944.0,4944.0,2094.0874,6880.448,0.0,-2.1857944,2.5475817
816.0,2.8127778,0.5,0.0,0.0,0.0,0.0,0.0,0.0,0.0
816.0,2.8127778,1.5,15021.0,15021.0,24205.984,6948.0796,0.0,1.8754057,-2.2444334
816.0,2.8127778,2.5,19384.0,19384.0,13374.243,2455.106,0.0,0.76142216,-0.1282575
816.0,2.8127778,3.5,20323.0,20323.0,25192.098,14030.0,0.0,-1.0835364,-0.23126608
816.0,2.8127778,4.5,23700.0,23700.0,18227.852,10799.896,0.0,-2.0229664,0.6294029
816.0,2.8127778,5.5,29949.0,29949.0,39705.04,29796.254,0.0,-2.4884312,0.84195495
816.0,2.8127778,6.5,34914.0,34914.0,43174.36,20635.041,0.0,-2.4785035,2.1866505
816.0,2.8127778,7.5,37526.0,37526.0,27338.082,14396.064,0.0,-2.2005892,2.409453
816.0,2.8127778,8.5,43590.0,43590.0,39281.293,26996.68,0.0,-2.8465202,-3.0384965
816.0,2.8127778,9.5,49429.0,49429.0,22349.102,39702.895,0.0,2.7611263,2.8570645
816.0,2.8127778,10.5,56982.0,56982.0,38933.223,8962.38,0.0,2.8161676,1.7763829
816.0,2.8127778,11.5,62690.0,62690.0,90240.11,24475.402,0.0,2.6476414,2.9436512
816.0,2.8127778,12.5,61806.0,61806.0,101209.6,18538.771,0.0,2.4529598,2.6474771
816.0,2.8127778,13.5,50428.0,50428.0,47547.406,20886.455,0.0,1.3681083,-3.1356335
816.0,2.8127778,14.5,39876.0,39876.0,46280.184,40898.1,0.0,0.33253613,-0.7470418
816.0,2.8127778,15.5,33190.0,33190.0,37161.906,22577.67,0.0,-0.1524711,-0.27003652
816.0,2.8127778,16.5,27789.0,27789.0,19104.889,22911.342,0.0,-0.59400594,0.5325602
816.0,2.8127778,17.5,23379.0,23379.0,13725.613,12994.225,0.0,-1.29336,0.93783873
816.0,2.8127778,18.5,18318.0,18318.0,6162.5317,16747.152,0.0,-0.98454005,-3.1132717
816.0,2.8127778,19.5,12622.0,12622.0,23831.398,14578.718,0.0,-0.98952466,-2.6222503
816.0,2.8127778,20.5,7788.0,7788.0,16975.064,1427.7013,0.0,-1.3509867,2.3295636
816.0,2.8127778,21.5,4672.0,4672.0,1938.3682,4851.3584,0.0,-1.4824222,2.446701
818.0,2.7848172,0.5,0.0,0.0,0.0,0.0,0.0,0.0,0.0
818.0,2.7848172,1.5,14818.0,14818.0,21839.662,9131.11,0.0,2.560024,0.44195026
818.0,2.7848172,2.5,18648.0,18648.0,2104.4155,9615.562,0.0,1.8589107,-2.420192
818.0,2.7848172,3.5,19983.0,19983.0,12419.936,19034.887,0.0,-1.4167968,-1.5954754
818.0,2.7848172,4.5,23136.0,23136.0,19023.02,23898.799,0.0,-2.2376075,-0.45173866
818.0,2.7848172,5.5,30625.0,30625.0,34313.273,21633.166,0.0,-2.3585794,0.10427431
818.0,2.7848172,6.5,34321.0,34321.0,37376.465,9038.517,0.0,-2.7178845,1.8451813
818.0,2.7848172,7.5,37119.0,37119.0,27059.098,24946.35,0.0,-2.6334033,2.3133464
818.0,2.7848172,8.5,43823.0,43823.0,35623.387,31571.451,0.0,3.0834227,2.6736584
818.0,2.7848172,9.5,47191.0,47191.0,31573.451,53364.734,0.0,2.7511551,1.9972916
818.0,2.7848172,10.5,56216.0,56216.0,54951.062,46061.84,0.0,2.7574656,1.2216989
818.0,2.7848172,11.5,62052.0,62052.0,93795.79,4964.5674,0.0,2.6640296,-2.3675418
818.0,2.7848172,12.5,61754.0,61754.0,107634.67,19868.61,0.0,2.3366795,-2.1169834
818.0,2.7848172,13.5,52958.0,52958.0,61464.5,34162.938,0.0,1.5720716,-2.0600343
818.0,2.7848172,14.5,41068.0,41068.0,58717.7,36139.88,0.0,0.6121776,-1.6574357
818.0,2.7848172,15.5,33049.0,33049.0,48489.242,20847.207,0.0,-0.3592302,-0.60791516
818.0,2.7848172,16.5,27648.0,27648.0,15135.697,12879.796,0.0,-0.8437649,1.1235799
818.0,2.7848172,17.5,22788.0,22788.0,26644.168,20031.697,0.0,-1.4105191,1.3475909
818.0,2.7848172,18.5,17289.0,17289.0,21875.451,7186.131,0.0,-1.2801074,-2.7482646
818.0,2.7848172,19.5,12949.0,12949.0,25479.29,18010.646,0.0,-0.9855416,3.1372814
818.0,2.7848172,20.5,7230.0,7230.0,15421.359,3290.383,0.0,-1.3060344,-2.2055268
818.0,2.7848172,21.5,4277.0,4277.0,4392.9067,6548.998,0.0,-1.2559501,1.7648565
820.0,2.7427266,0.5,0.0,0.0,0.0,0.0,0.0,0.0,0.0
820.0,2.7427266,1.5,14868.0,14868.0,34312.938,6968.844,0.0,-3.0142,-2.356336
820.0,2.7427266,2.5,18388.0,18388.0,29484.271,9115.63,0.0,-2.8808131,2.4196105
820.0,2.7427266,3.5,19815.0,19815.0,8553.191,12511.698,0.0,-1.944964,3.0007653
820.0,2.7427266,4.5,22596.0,22596.0,20337.344,29252.062,0.0,-2.4688377,-2.083522
820.0,2.7427266,5.5,30860.0,30860.0,37357.4,24719.83,0.0,-2.4129267,-1.7751325
820.0,2.7427266,6.5,34601.0,34601.0,57513.69,13335.481,0.0,-2.2246335,-1.5379469
820.0,2.7427266,7.5,36983.0,36983.0,36032.465,13949.937,0.0,-2.2053084,1.4623789
820.0,2.7427266,8.5,42573.0,42573.0,48479.38,35252.09,0.0,-3.0238166,1.6573882
820.0,2.7427266,9.5,48128.0,48128.0,48223.375,42546.523,0.0,2.640324,1.533529
820.0,2.7427266,10.5,54885.0,54885.0,28832.025,19046.68,0.0,3.0319207,0.5147992
820.0,2.7427266,11.5,60600.0,60600.0,63127.24,22025.262,0.0,2.2648735,-0.17041971
820.0,2.7427266,12.5,60175.0,60175.0,68371.39,43891.082,0.0,1.7049749,-2.8866153
820.0,2.7427266,13.5,52915.0,52915.0,91232.6,33301.85,0.0,1.6801571,-2.9855475
820.0,2.7427266,14.5,42544.0,42544.0,50751.133,19740.598,0.0,0.72261304,-2.9006865
820.0,2.7427266,15.5,34034.0,34034.0,15670.793,11150.133,0.0,0.23300277,-2.5054452
820.0,2.7427266,16.5,27493.0,27493.0,20253.348,16160.372,0.0,-1.4384043,-0.18925497
820.0,2.7427266,17.5,20547.0,20547.0,19017.363,26203.088,0.0,-1.3174754,0.5935098
820.0,2.7427266,18.5,15092.0,15092.0,25946.406,4171.8843,0.0,-1.866341,-0.72805494
820.0,2.7427266,19.5,10794.0,10794.0,17189.855,4019.8188,0.0,-1.6384659,-1.2495569
820.0,2.7427266,20.5,7154.0,7154.0,9948.652,8734.638,0.0,-1.4233977,0.8864008
820.0,2.7427266,21.5,4190.0,4190.0,4837.3086,8342.248,0.0,-1.6283659,1.2219408
822.0,2.7117133,0.5,0.0,0.0,0.0,0.0,0.0,0.0,0.0
822.0,2.7117133,1.5,14719.0,14719.0,42711.457,4211.0034,0.0,-2.4072359,2.7382848
822.0,2.7117133,2.5,18540.0,18540.0,42193.062,6669.762,0.0,-2.771688,-2.1336331
822.0,2.7117133,3.5,20970.0,20970.0,18236.213,7562.431,0.0,-2.7125697,2.5940259
822.0,2.7117133,4.5,22697.0,22697.0,23731.406,25766.406,0.0,-2.2464068,-3.085429
822.0,2.7117133,5.5,30398.0,30398.0,33815.918,19488.027,0.0,-2.297925,-2.1418252
822.0,2.7117133,6.5,33317.0,33317.0,62238.902,20311.635,0.0,-2.3892245,-1.533305
822.0,2.7117133,7.5,36822.0,36822.0,41334.746,10256.082,0.0,-2.5000343,2.1946278
822.0,2.7117133,8.5,42736.0,42736.0,54704.402,39099.77,0.0,-2.9920528,1.0754111
822.0,2.7117133,9.5,48155.0,48155.0,50504.105,36826.625,0.0,2.310193,0.8624005
822.0,2.7117133,10.5,53270.0,53270.0,25185.652,14685.402,0.0,-1.917262,-0.49890172
822.0,2.7117133,11.5,57066.0,57066.0,32004.072,39441.234,0.0,2.6471665,1.3382072
822.0,2.7117133,12.5,59341.0,59341.0,79105.6,25972.205,0.0,1.7927004,2.6812937
822.0,2.7117133,13.5,51998.0,51998.0,64201.53,13301.166,0.0,1.6171551,2.930928
822.0,2.7117133,14.5,43498.0,43498.0,50454.29,6878.303,0.0,0.88069516,-1.4492412
822.0,2.7117133,15.5,33966.0,33966.0,20017.465,25141.125,0.0,-0.579992,-1.593889
822.0,2.7117133,16.5,26951.0,26951.0,11903.4375,31343.268,0.0,-1.5767689,-0.8888044
822.0,2.7117133,17.5,20547.0,20547.0,3207.7288,9213.504,0.0,-2.0380042,-0.185513
822.0,2.7117133,18.5,14809.0,14809.0,10726.928,7078.879,0.0,-1.9128449,-2.964628
822.0,2.7117133,19.5,10527.0,10527.0,13639.783,8517.922,0.0,-1.9048487,-0.5693413
822.0,2.7117133,20.5,6551.0,6551.0,5140.3306,12055.411,0.0,-2.5172865,0.73908186
822.0,2.7117133,21.5,4140.0,4140.0,2276.3958,8735.977,0.0,2.3449836,0.9879881
824.0,2.6805358,0.5,0.0,0.0,0.0,0.0,0.0,0.0,0.0
824.0,2.6805358,1.5,14279.0,14279.0,39236.703,2402.5073,0.0,-1.7036322,-1.3769192
824.0,2.6805358,2.5,17852.0,17852.0,50694.91,4954.277,0.0,-2.357983,-1.2923912
824.0,2.6805358,3.5,20679.0,20679.0,27821.305,9712.926,0.0,-2.7038815,0.33974972
824.0,2.6805358,4.5,21792.0,21792.0,30071.03,28608.508,0.0,-2.1348507,2.0409937
824.0,2.6805358,5.5,32254.0,32254.0,48520.56,30271.057,0.0,-1.9679719,2.6085305
824.0,2.6805358,6.5,33343.0,33343.0,58786.555,7955.936,0.0,-2.249729,1.4245516
824.0,2.6805358,7.5,36902.0,36902.0,32550.525,30148.162,0.0,-2.5255816,0.57274944
824.0,2.6805358,8.5,42839.0,42839.0,44074.32,25391.271,0.0,-2.8352206,0.62880504
824.0,2.6805358,9.5,48713.0,48713.0,41243.395,33352.1,0.0,2.6386652,0.24236928
824.0,2.6805358,10.5,51977.0,51977.0,40762.984,47142.355,0.0,-3.0309777,0.036341004
824.0,2.6805358,11.5,54916.0,54916.0,50445.844,63485.047,0.0,2.5747247,0.5626687
824.0,2.6805358,12.5,54515.0,54515.0,45275.92,25971.793,0.0,2.1019237,2.0050588
824.0,2.6805358,13.5,51339.0,51339.0,40543.074,15968.748,0.0,0.90620077,2.8499622
824.0,2.6805358,14.5,44090.0,44090.0,28704.588,31603.4,0.0,0.6863421,-2.0834785
824.0,2.6805358,15.5,34773.0,34773.0,16065.926,36712.176,0.0,-0.37574086,-1.7772086
824.0,2.6805358,16.5,25901.0,25901.0,11782.024,21677.943,0.0,-1.3308465,-1.5084796
824.0,2.6805358,17.5,19724.0,19724.0,10256.494,17114.814,0.0,2.3537688,-0.9407881
824.0,2.6805358,18.5,14488.0,14488.0,9375.264,6312.919,0.0,1.9636471,-1.7373223
824.0,2.6805358,19.5,9885.0,9885.0,1201.1942,8873.145,0.0,-2.8349516,0.10062086
824.0,2.6805358,20.5,6804.0,6804.0,7155.5737,9343.747,0.0,2.9996936,0.5837633
824.0,2.6805358,21.5,4309.0,4309.0,2052.648,12062.277,0.0,2.6971984,0.94593465
826.0,2.6491942,0.5,0.0,0.0,0.0,0.0,0.0,0.0,0.0
826.0,2.6491942,1.5,13926.0,13926.0,45884.332,8005.0747,0.0,-1.403504,-0.37723213
826.0,2.6491942,2.5,17964.0,17964.0,39405.91,9452.256,0.0,-1.9395185,-0.6739981
826.0,2.6491942,3.5,19923.0,19923.0,42359.707,14123.043,0.0,-2.4436758,-0.8485672
826.0,2.6491942,4.5,19363.0,19363.0,34567.2,14964.359,0.0,-2.1436996,0.6152478
826.0,2.6491942,5.5,28644.0,28644.0,47520.105,28454.688,0.0,-2.0718875,1.8864769
826.0,2.6491942,6.5,34955.0,34955.0,64747.87,5329.069,0.0,-2.0538568,-2.9406457
826.0,2.6491942,7.5,36893.0,36893.0,58460.65,15555.74,0.0,-2.0602026,-0.16541368
826.0,2.6491942,8.5,43612.0,43612.0,46657.098,24257.367,0.0,-2.554931,-0.64969873
826.0,2.6491942,9.5,47775.0,47775.0,44651.867,27625.637,0.0,2.7192056,0.21157804
826.0,2.6491942,10.5,51915.0,51915.0,50072.01,34152.63,0.0,2.57864,-0.20106927
826.0,2.6491942,11.5,56022.0,56022.0,67760.8,70230.6,0.0,2.6623106,0.45540082
826.0,2.6491942,12.5,53531.0,53531.0,82493.25,31924.293,0.0,2.5823407,0.89118356
826.0,2.6491942,13.5,48060.0,48060.0,32531.47,15926.158,0.0,2.1682177,-1.9591837
826.0,2.6491942,14.5,40738.0,40738.0,14842.111,34812.547,0.0,1.0991585,-2.1625009
826.0,2.6491942,15.5,35785.0,35785.0,27060.545,19599.865,0.0,0.58378625,-2.4734867
826.0,2.6491942,16.5,26704.0,26704.0,14786.885,23767.875,0.0,1.490412,-2.6085439
826.0,2.6491942,17.5,18707.0,18707.0,5614.8164,11456.68,0.0,2.0780091,-1.0323385
826.0,2.6491942,18.5,13265.0,13265.0,15456.678,11875.011,0.0,1.6875848,-1.0663782
826.0,2.6491942,19.5,9936.0,9936.0,15720.544,8626.36,0.0,1.8500111,-0.55629164
826.0,2.6491942,20.5,6558.0,6558.0,3414.6584,14756.847,0.0,-2.9767296,0.4316602
826.0,2.6491942,21.5,4130.0,4130.0,4281.692,11771.073,0.0,-2.777769,0.94354194
828.0,2.6145215,0.5,0.0,0.0,0.0,0.0,0.0,0.0,0.0
828.0,2.6145215,1.5,13744.0,13744.0,29843.729,5705.4175,0.0,-0.7207563,1.1475096
828.0,2.6145215,2.5,17210.0,17210.0,37536.656,2483.3203,0.0,-1.2204566,1.4743578
828.0,2.6145215,3.5,19163.0,19163.0,35240.79,2443.3552,0.0,-2.0834541,-0.94610935
828.0,2.6145215,4.5,20528.0,20528.0,30173.904,20964.799,0.0,-2.1017632,-0.4896028
828.0,2.6145215,5.5,26990.0,26990.0,43922.95,10411.582,0.0,-2.0185328,-0.18838201
828.0,2.6145215,6.5,33216.0,33216.0,45018.164,15552.6,0.0,-1.9589152,-0.473813
828.0,2.6145215,7.5,36160.0,36160.0,51944.31,22722.387,0.0,-2.273161,-0.8989984
828.0,2.6145215,8.5,42140.0,42140.0,66967.45,30766.416,0.0,-2.6234145,-0.3941154
828.0,2.6145215,9.5,46115.0,46115.0,63442.758,19044.16,0.0,2.9313684,-0.82410467
828.0,2.6145215,10.5,53424.0,53424.0,35040.523,46284.836,0.0,2.5999198,-0.7586069
828.0,2.6145215,11.5,55622.0,55622.0,53482.95,78668.055,0.0,2.7014742,-0.43519205
828.0,2.6145215,12.5,53773.0,53773.0,96026.41,37502.742,0.0,2.4859805,0.8472129
828.0,2.6145215,13.5,46919.0,46919.0,69146.164,18736.951,0.0,1.774875,-1.5602541
828.0,2.6145215,14.5,37347.0,37347.0,40680.01,44698.05,0.0,1.5826519,-1.3044547
828.0,2.6145215,15.5,31825.0,31825.0,31732.225,7586.6,0.0,1.0444199,-2.363057
828.0,2.6145215,16.5,25252.0,25252.0,18244.078,15038.166,0.0,1.216226,-2.8332965
828.0,2.6145215,17.5,18583.0,18583.0,9149.439,16382.6,0.0,2.539567,-2.012085
828.0,2.6145215,18.5,13023.0,13023.0,17304.727,5832.2256,0.0,1.6138383,-1.048465
828.0,2.6145215,19.5,9309.0,9309.0,10605.37,10376.573,0.0,1.1694108,-0.007879298
828.0,2.6145215,20.5,6539.0,6539.0,5569.515,15448.553,0.0,2.1550186,-0.057473727
828.0,2.6145215,21.5,3909.0,3909.0,2788.6533,8404.144,0.0,-2.9200876,0.66577893
830.0,2.5970702,0.5,0.0,0.0,0.0,0.0,0.0,0.0,0.0
830.0,2.5970702,1.5,13748.0,13748.0,37178.836,4759.1494,0.0,-0.12812804,-0.04833376
830.0,2.5970702,2.5,17001.0,17001.0,34233.17,14758.482,0.0,-0.95146805,2.3285384
830.0,2.5970702,3.5,18374.0,18374.0,26571.318,6875.795,0.0,-1.9884579,-1.9091818
830.0,2.5970702,4.5,20716.0,20716.0,22382.674,24815.963,0.0,-1.7678591,-0.8127462
830.0,2.5970702,5.5,27785.0,27785.0,28815.254,21672.871,0.0,-1.6703978,0.23146772
830.0,2.5970702,6.5,31711.0,31711.0,51467.215,14861.04,0.0,-1.6703068,-1.9800887
830.0,2.5970702,7.5,35443.0,35443.0,35486.133,32294.744,0.0,-2.173744,-1.3033406
830.0,2.5970702,8.5,41228.0,41228.0,65092.0,23827.197,0.0,-2.4433706,-1.0023775
830.0,2.5970702,9.5,45798.0,45798.0,64045.76,34193.05,0.0,2.9057236,-0.8369281
830.0,2.5970702,10.5,53346.0,53346.0,32894.848,20631.02,0.0,2.4809155,-1.6293422
830.0,2.5970702,11.5,55925.0,55925.0,52565.63,72033.94,0.0,2.6758337,-0.96210706
830.0,2.5970702,12.5,53482.0,53482.0,98509.57,17690.912,0.0,2.4532683,-0.6327215
830.0,2.5970702,13.5,47158.0,47158.0,62446.8,23475.092,0.0,1.6723684,-1.0173596
830.0,2.5970702,14.5,35984.0,35984.0,55484.96,37866.758,0.0,1.2333299,-1.2826704
830.0,2.5970702,15.5,29629.0,29629.0,41148.316,20959.842,0.0,1.392374,-1.3372422
830.0,2.5970702,16.5,24310.0,24310.0,14431.055,16738.914,0.0,1.3130885,-2.6954567
830.0,2.5970702,17.5,18256.0,18256.0,12435.97,20173.28,0.0,2.3707721,-2.4552548
830.0,2.5970702,18.5,12530.0,12530.0,10504.082,9277.88,0.0,1.8791305,-1.0057945
830.0,2.5970702,19.5,9367.0,9367.0,11111.687,7677.451,0.0,0.9324184,0.2433092
830.0,2.5970702,20.5,6768.0,6768.0,5961.7188,17456.105,0.0,1.8827207,-0.20110376
830.0,2.5970702,21.5,3677.0,3677.0,3399.5205,5465.872,0.0,2.8374074,0.31049997
832.0,2.562132,0.5,0.0,0.0,0.0,0.0,0.0,0.0,0.0
832.0,2.562132,1.5,13109.0,13109.0,22459.074,10974.802,0.0,0.5605849,-2.9862878
832.0,2.562132,2.5,16702.0,16702.0,20969.693,10662.5205,0.0,-0.26999962,0.6610549
832.0,2.562132,3.5,18366.0,18366.0,34661.016,11364.507,0.0,-1.5314623,2.1509304
832.0,2.562132,4.5,20097.0,20097.0,31548.855,18477.074,0.0,-1.6027457,-2.1290307
832.0,2.562132,5.5,28243.0,28243.0,42352.266,26543.096,0.0,-1.5618048,-1.0386438
832.0,2.562132,6.5,31532.0,31532.0,62690.066,28495.828,0.0,-1.533058,-1.3240957
832.0,2.562132,7.5,33456.0,33456.0,56566.844,24826.61,0.0,-1.8065811,-2.0172334
832.0,2.562132,8.5,39357.0,39357.0,53871.785,37151.727,0.0,-2.1377127,-1.731335
832.0,2.562132,9.5,45308.0,45308.0,34185.043,51326.297,0.0,-2.5831432,-1.5430013
832.0,2.562132,10.5,51114.0,51114.0,10659.523,24210.816,0.0,1.373141,-1.6022729
832.0,2.562132,11.5,56353.0,56353.0,58689.0,9984.955,0.0,3.1289246,-0.30313295
832.0,2.562132,12.5,53520.0,53520.0,120366.125,34973.656,0.0,2.4243264,-2.4011705
832.0,2.562132,13.5,46147.0,46147.0,63700.35,20703.494,0.0,1.766584,-1.5287889
832.0,2.562132,14.5,35564.0,35564.0,50573.85,32700.62,0.0,0.87101644,-1.3795387
832.0,2.562132,15.5,28514.0,28514.0,39985.19,23368.393,0.0,1.0398468,-2.1701179
832.0,2.562132,16.5,22830.0,22830.0,16148.975,18788.473,0.0,1.1387948,-2.413743
832.0,2.562132,17.5,17390.0,17390.0,17118.805,20108.71,0.0,2.5084124,-2.296454
832.0,2.562132,18.5,12253.0,12253.0,7938.587,20261.645,0.0,2.8254218,-1.0832446
832.0,2.562132,19.5,8915.0,8915.0,9545.976,9467.571,0.0,0.46877825,-0.20032448
832.0,2.562132,20.5,6754.0,6754.0,3202.9192,8227.597,0.0,0.9408214,-0.5769211
832.0,2.562132,21.5,4362.0,4362.0,3163.3992,6249.2334,0.0,2.9290934,-0.32642993
834.0,2.5269747,0.5,0.0,0.0,0.0,0.0,0.0,0.0,0.0
834.0,2.5269747,1.5,12625.0,12625.0,29100.826,6342.0293,0.0,1.3578796,-1.4655837
834.0,2.5269747,2.5,16006.0,16006.0,20769.277,5302.204,0.0,0.39322072,2.5357347
834.0,2.5269747,3.5,17072.0,17072.0,25850.463,6520.291,0.0,-1.0931123,1.8197902
834.0,2.5269747,4.5,20038.0,20038.0,43938.55,23792.305,0.0,-1.2221152,2.2087474
834.0,2.5269747,5.5,26720.0,26720.0,55372.586,24891.578,0.0,-1.051538,-3.1153781
834.0,2.5269747,6.5,32800.0,32800.0,64241.168,25172.004,0.0,-1.3537185,-2.5293517
834.0,2.5269747,7.5,32823.0,32823.0,59350.25,32009.725,0.0,-1.6243093,-2.5219026
834.0,2.5269747,8.5,38022.0,38022.0,60283.9,52152.863,0.0,-1.739315,-2.5780928
834.0,2.5269747,9.5,44914.0,44914.0,55309.223,68530.25,0.0,-1.8932791,-2.0855765
834.0,2.5269747,10.5,49862.0,49862.0,36626.297,58310.344,0.0,-1.6176565,-2.2364154
834.0,2.5269747,11.5,54871.0,54871.0,76618.17,14966.443,0.0,2.9909012,-2.223613
834.0,2.5269747,12.5,54616.0,54616.0,106799.15,57259.93,0.0,2.6571805,-2.0542128
834.0,2.5269747,13.5,46940.0,46940.0,94274.086,33622.273,0.0,1.9878765,-1.8234104
834.0,2.5269747,14.5,35727.0,35727.0,49736.96,11738.217,0.0,0.8156289,-1.7547859
834.0,2.5269747,15.5,28058.0,28058.0,30292.95,5591.501,0.0,0.1159595,-0.12759742
834.0,2.5269747,16.5,21017.0,21017.0,5469.511,20512.732,0.0,-0.041078657,-2.3332596
834.0,2.5269747,17.5,17281.0,17281.0,17413.219,30159.045,0.0,2.2442791,-2.6377025
834.0,2.5269747,18.5,13019.0,13019.0,8449.175,25823.732,0.0,2.5215483,-1.3661096
834.0,2.5269747,19.5,8620.0,8620.0,6099.586,8615.852,0.0,-0.16630371,-0.9954126
834.0,2.5269747,20.5,6291.0,6291.0,2923.0483,5976.2573,0.0,-0.80005366,-2.0322216
834.0,2.5269747,21.5,4427.0,4427.0,4850.1826,7451.742,0.0,2.4696927,-0.53196603
836.0,2.491664,0.5,0.0,0.0,0.0,0.0,0.0,0.0,0.0
836.0,2.491664,1.5,12370.0,12370.0,26428.738,2086.7146,0.0,2.2996528,3.040606
836.0,2.491664,2.5,15497.0,15497.0,17932.873,8715.851,0.0,1.012187,3.0395532
836.0,2.491664,3.5,17269.0,17269.0,19724.678,3414.94,0.0,-0.30157125,0.6572127
836.0,2.491664,4.5,18836.0,18836.0,23016.98,20277.992,0.0,-0.3891775,1.5633137
836.0,2.491664,5.5,26171.0,26171.0,38622.49,36856.62,0.0,-0.9969293,2.4312742
836.0,2.491664,6.5,31420.0,31420.0,66950.2,17956.6,0.0,-1.0976589,2.9015539
836.0,2.491664,7.5,34521.0,34521.0,59908.547,29301.783,0.0,-1.3835303,3.023069
836.0,2.491664,8.5,39739.0,39739.0,66930.08,41728.33,0.0,-1.9299225,-3.111388
836.0,2.491664,9.5,44956.0,44956.0,51043.914,54765.613,0.0,-1.8034433,-2.4788008
836.0,2.491664,10.5,48178.0,48178.0,38656.49,63086.02,0.0,-1.7577417,-2.4895957
836.0,2.491664,11.5,53702.0,53702.0,112102.445,36084.824,0.0,2.840691,3.1228433
836.0,2.491664,12.5,52959.0,52959.0,108268.74,79474.445,0.0,2.8759384,2.9593167
836.0,2.491664,13.5,46646.0,46646.0,84497.39,38455.22,0.0,2.5747292,-2.4627974
836.0,2.491664,14.5,37502.0,37502.0,39534.336,27816.334,0.0,1.5877467,-1.3268663
836.0,2.491664,15.5,27567.0,27567.0,25041.521,25660.898,0.0,0.98526424,-1.4810115
836.0,2.491664,16.5,21381.0,21381.0,19186.451,15399.308,0.0,-0.0629158,3.0080092
836.0,2.491664,17.5,16691.0,16691.0,9188.491,30612.635,0.0,1.629139,-2.877869
836.0,2.491664,18.5,12455.0,12455.0,4241.79,19637.342,0.0,2.4469874,-1.8211439
836.0,2.491664,19.5,8718.0,8718.0,5849.0195,7951.588,0.0,0.14419562,-2.2296672
836.0,2.491664,20.5,5617.0,5617.0,1759.6831,377.16745,0.0,1.8833783,0.107015066
836.0,2.491664,21.5,3930.0,3930.0,6346.1216,2943.4539,0.0,1.6491374,-0.4113827
839.0,2.452534,0.5,0.0,0.0,0.0,0.0,0.0,0.0,0.0
839.0,2.452534,1.5,12050.0,12050.0,34965.387,6412.1177,0.0,-3.0629292,0.015142775
839.0,2.452534,2.5,14581.0,14581.0,20246.297,12922.412,0.0,2.658542,-0.6543389
839.0,2.452534,3.5,16681.0,16681.0,10580.037,7137.4106,0.0,0.008509896,0.39611375
839.0,2.452534,4.5,18035.0,18035.0,4500.7915,15749.489,0.0,0.4448926,0.5213129
839.0,2.452534,5.5,26547.0,26547.0,34675.176,28239.709,0.0,-1.0965149,1.7466232
839.0,2.452534,6.5,29005.0,29005.0,45727.34,23103.955,0.0,-1.0089691,1.6533507
839.0,2.452534,7.5,33696.0,33696.0,63889.152,29468.777,0.0,-1.1593292,1.9404577
839.0,2.452534,8.5,40488.0,40488.0,70691.64,54466.12,0.0,-1.8321327,2.3527908
839.0,2.452534,9.5,44757.0,44757.0,52418.56,74262.81,0.0,-2.0966969,-3.1334758
839.0,2.452534,10.5,47512.0,47512.0,13939.76,43513.465,0.0,-0.834748,-2.7593932
839.0,2.452534,11.5,53119.0,53119.0,68572.984,62838.633,0.0,2.1761634,2.550446
839.0,2.452534,12.5,51016.0,51016.0,109928.29,37712.72,0.0,2.8294272,2.5956297
839.0,2.452534,13.5,44700.0,44700.0,112081.24,40519.086,0.0,2.8839092,-3.0152633
839.0,2.452534,14.5,37450.0,37450.0,52799.95,45588.375,0.0,2.2398589,-0.9507951
839.0,2.452534,15.5,28028.0,28028.0,37963.656,22990.676,0.0,1.6188711,-1.8053842
839.0,2.452534,16.5,21759.0,21759.0,5326.684,15058.169,0.0,0.39990437,3.002739
839.0,2.452534,17.5,16247.0,16247.0,14106.282,27682.592,0.0,-0.06377789,3.0993829
839.0,2.452534,18.5,12147.0,12147.0,2446.9905,17377.154,0.0,0.75685346,-2.511658
839.0,2.452534,19.5,8476.0,8476.0,5504.704,2243.0747,0.0,1.1401979,-1.5676228
839.0,2.452534,20.5,5604.0,5604.0,9850.893,1228.115,0.0,0.63303745,-0.47911644
839.0,2.452534,21.5,3718.0,3718.0,6044.9805,1465.0009,0.0,1.5287913,-0.83719814
840.0,2.4329233,0.5,0.0,0.0,0.0,0.0,0.0,0.0,0.0
840.0,2.4329233,1.5,11906.0,11906.0,39718.926,13182.951,0.0,-2.939086,-1.7075431
840.0,2.4329233,2.5,14808.0,14808.0,34699.695,6648.6865,0.0,-3.0375013,-1.8213823
840.0,2.4329233,3.5,16533.0,16533.0,4660.086,5760.7363,0.0,-0.42049026,-2.125053
840.0,2.4329233,4.5,17857.0,17857.0,11540.647,17275.666,0.0,0.93736047,-0.60415304
840.0,2.4329233,5.5,26246.0,26246.0,30923.47,29741.732,0.0,-0.88773835,0.6475289
840.0,2.4329233,6.5,28962.0,28962.0,47172.31,20046.7,0.0,-0.89193213,1.8429334
840.0,2.4329233,7.5,33050.0,33050.0,51443.02,25420.21,0.0,-1.1466007,1.3415884
840.0,2.4329233,8.5,39437.0,39437.0,66275.06,34625.574,0.0,-1.5199685,1.8760208
840.0,2.4329233,9.5,44997.0,44997.0,48872.56,46466.477,0.0,-1.695238,2.8520167
840.0,2.4329233,10.5,48602.0,48602.0,30663.982,51628.49,0.0,-1.3893613,2.5814662
840.0,2.4329233,11.5,52752.0,52752.0,53013.074,54336.156,0.0,2.1926284,2.7242036
840.0,2.4329233,12.5,50274.0,50274.0,108987.3,36090.875,0.0,2.7116973,2.8929949
840.0,2.4329233,13.5,44164.0,44164.0,113818.71,38983.82,0.0,2.7879376,-2.7520015
840.0,2.4329233,14.5,37643.0,37643.0,59982.418,36716.56,0.0,2.4159918,-0.9497379
840.0,2.4329233,15.5,28316.0,28316.0,33930.977,23144.363,0.0,1.6119188,-1.3595734
840.0,2.4329233,16.5,21441.0,21441.0,10950.195,10576.474,0.0,0.05421911,-3.0803113
840.0,2.4329233,17.5,16385.0,16385.0,7404.6987,22803.605,0.0,0.35372305,-3.017261
840.0,2.4329233,18.5,12089.0,12089.0,2176.3513,16027.897,0.0,-0.13536985,-2.4706128
840.0,2.4329233,19.5,8323.0,8323.0,9745.951,2314.0173,0.0,0.8186595,-2.072208
840.0,2.4329233,20.5,5736.0,5736.0,10889.981,3414.6455,0.0,0.67051053,-2.5534866
840.0,2.4329233,21.5,3500.0,3500.0,4541.2046,2615.8997,0.0,1.5446138,-2.1511905
842.0,2.3934186,0.5,0.0,0.0,0.0,0.0,0.0,0.0,0.0
842.0,2.3934186,1.5,11484.0,11484.0,48292.805,11472.291,0.0,-2.2683208,0.11492301
842.0,2.3934186,2.5,14354.0,14354.0,41346.812,4754.6562,0.0,-2.6767938,-1.2393723
842.0,2.3934186,3.5,16136.0,16136.0,23355.521,7239.66,0.0,-2.983794,-1.8007069
842.0,2.3934186,4.5,16734.0,16734.0,11198.338,13548.643,0.0,2.8258247,-1.6505352
842.0,2.3934186,5.5,25103.0,25103.0,17188.588,25551.064,0.0,-0.83733505,-0.39909905
842.0,2.3934186,6.5,29001.0,29001.0,39344.812,24306.992,0.0,-0.71710074,-0.028019462
842.0,2.3934186,7.5,31546.0,31546.0,43855.887,25440.127,0.0,-1.0255568,1.0014019
842.0,2.3934186,8.5,36659.0,36659.0,59935.297,22037.678,0.0,-1.2072563,1.1843426
842.0,2.3934186,9.5,44055.0,44055.0,57118.8,24181.508,0.0,-2.0817719,2.4848568
842.0,2.3934186,10.5,49009.0,49009.0,37518.277,34535.535,0.0,-2.1335115,2.3124843
842.0,2.3934186,11.5,52892.0,52892.0,52960.285,45452.617,0.0,2.687194,2.1131682
842.0,2.3934186,12.5,48832.0,48832.0,92909.03,50186.625,0.0,2.5924196,2.5892568
842.0,2.3934186,13.5,43170.0,43170.0,97850.18,36007.293,0.0,2.3152437,-2.8417757
842.0,2.3934186,14.5,36060.0,36060.0,52955.664,25797.592,0.0,2.2008967,-1.4630386
842.0,2.3934186,15.5,28546.0,28546.0,39668.14,41705.688,0.0,1.3871804,-1.5321592
842.0,2.3934186,16.5,21840.0,21840.0,20087.125,14482.61,0.0,1.001349,-2.5204494
842.0,2.3934186,17.5,16557.0,16557.0,6178.738,14551.1875,0.0,0.14196123,-3.1106567
842.0,2.3934186,18.5,11932.0,11932.0,10478.343,12713.982,0.0,0.6923114,-3.0068266
842.0,2.3934186,19.5,8314.0,8314.0,9407.034,9637.241,0.0,1.0314691,2.9642057
842.0,2.3934186,20.5,5387.0,5387.0,6018.424,9736.499,0.0,0.7522588,-2.5220225
842.0,2.3934186,21.5,3172.0,3172.0,3404.593,1896.2365,0.0,-0.06336694,-2.2050505
844.0,2.373589,0.5,0.0,0.0,0.0,0.0,0.0,0.0,0.0
844.0,2.373589,1.5,11683.0,11683.0,27918.963,3470.6257,0.0,-1.9150347,-0.40312874
844.0,2.373589,2.5,14209.0,14209.0,44143.223,5150.514,0.0,-2.5403552,1.4484214
844.0,2.373589,3.5,16062.0,16062.0,24789.95,14874.32,0.0,-2.8570864,-1.9891628
844.0,2.373589,4.5,16445.0,16445.0,12631.242,14528.238,0.0,-2.560147,-2.7189696
844.0,2.373589,5.5,24612.0,24612.0,8221.925,15828.54,0.0,-1.1675038,-0.55235285
844.0,2.373589,6.5,29008.0,29008.0,26169.994,16049.2705,0.0,-0.49721304,-0.30439216
844.0,2.373589,7.5,31592.0,31592.0,43589.77,18390.281,0.0,-0.67308354,-0.16269214
844.0,2.373589,8.5,36605.0,36605.0,52853.234,27642.764,0.0,-1.5756269,1.222594
844.0,2.373589,9.5,42788.0,42788.0,43755.77,26180.318,0.0,-2.4283478,2.244014
844.0,2.373589,10.5,48997.0,48997.0,28999.445,31963.828,0.0,-3.0474768,1.6810952
844.0,2.373589,11.5,52711.0,52711.0,44872.027,65135.492,0.0,2.9091876,2.4682894
844.0,2.373589,12.5,49802.0,49802.0,78972.79,48111.18,0.0,2.504935,2.4938931
844.0,2.373589,13.5,41913.0,41913.0,78077.18,27282.03,0.0,2.32365,2.981824
844.0,2.373589,14.5,35545.0,35545.0,51912.527,18047.746,0.0,1.73919,-1.9823169
844.0,2.373589,15.5,28849.0,28849.0,39070.777,30513.77,0.0,1.1726878,-1.9488502
844.0,2.373589,16.5,21820.0,21820.0,27973.598,17424.525,0.0,1.3359475,-2.1955557
844.0,2.373589,17.5,16358.0,16358.0,5268.9727,9795.321,0.0,-0.4123269,-3.0466447
844.0,2.373589,18.5,11817.0,11817.0,8820.134,8044.7856,0.0,0.31382972,2.917952
844.0,2.373589,19.5,7822.0,7822.0,9020.842,10280.937,0.0,1.0919235,2.6913145
844.0,2.373589,20.5,5261.0,5261.0,4450.172,11394.768,0.0,0.48711577,-3.141018
844.0,2.373589,21.5,3421.0,3421.0,5073.34,5467.077,0.0,-0.24563944,-2.1812894
846.0,2.3337767,0.5,0.0,0.0,0.0,0.0,0.0,0.0,0.0
846.0,2.3337767,1.5,11074.0,11074.0,24890.025,5963.3096,0.0,-0.959959,2.7326393
846.0,2.3337767,2.5,13436.0,13436.0,40555.21,4672.7817,0.0,-2.137837,0.8748448
846.0,2.3337767,3.5,15804.0,15804.0,32861.004,13221.347,0.0,-2.6432369,1.4622227
846.0,2.3337767,4.5,16506.0,16506.0,18405.479,18691.03,0.0,-2.7046857,2.7301455
846.0,2.3337767,5.5,23899.0,23899.0,16240.842,24553.15,0.0,-1.9683605,-2.1550598
846.0,2.3337767,6.5,28100.0,28100.0,34318.156,31274.469,0.0,-0.6138899,-1.2516023
846.0,2.3337767,7.5,31237.0,31237.0,38752.355,26756.97,0.0,-0.8312931,-1.171804
846.0,2.3337767,8.5,36505.0,36505.0,24010.979,31897.75,0.0,-0.4317549,-0.20412958
846.0,2.3337767,9.5,40953.0,40953.0,4491.498,42121.574,0.0,-2.2780302,0.81419843
846.0,2.3337767,10.5,45501.0,45501.0,68725.25,60030.824,0.0,1.9936346,1.3243169
846.0,2.3337767,11.5,50805.0,50805.0,40278.223,61047.09,0.0,2.4656408,2.2209442
846.0,2.3337767,12.5,49073.0,49073.0,64638.508,71988.0,0.0,-3.137322,1.8504567
846.0,2.3337767,13.5,40099.0,40099.0,42004.785,25552.523,0.0,2.753327,1.8842257
846.0,2.3337767,14.5,33478.0,33478.0,35949.137,9626.0625,0.0,1.6543334,1.2582941
846.0,2.3337767,15.5,27400.0,27400.0,20893.344,2775.6873,0.0,0.38189897,-2.2561443
846.0,2.3337767,16.5,20244.0,20244.0,18780.506,13754.242,0.0,1.6900597,-0.86573255
846.0,2.3337767,17.5,13941.0,13941.0,2820.0315,8278.499,0.0,2.1827788,-2.4836917
846.0,2.3337767,18.5,9712.0,9712.0,12621.012,3027.7996,0.0,-1.6162888,-0.7003407
846.0,2.3337767,19.5,5895.0,5895.0,9750.78,11623.152,0.0,-0.69894457,1.9374698
846.0,2.3337767,20.5,4276.0,4276.0,4261.169,11627.308,0.0,-1.3099902,2.4046874
846.0,2.3337767,21.5,3043.0,3043.0,8040.778,7454.935,0.0,-1.4336898,2.9318533
848.0,2.3137302,0.5,0.0,0.0,0.0,0.0,0.0,0.0,0.0
848.0,2.3137302,1.5,11341.0,11341.0,28340.45,8593.373,0.0,-0.60546,0.98039085
848.0,2.3137302,2.5,13492.0,13492.0,34980.652,9511.572,0.0,-1.9202584,1.452542
848.0,2.3137302,3.5,14997.0,14997.0,29322.258,4512.719,0.0,-2.3195252,1.0227634
848.0,2.3137302,4.5,16787.0,16787.0,24418.08,12342.402,0.0,-2.7319221,1.9952756
848.0,2.3137302,5.5,24099.0,24099.0,16427.04,25042.152,0.0,-2.2414048,-2.791792
848.0,2.3137302,6.5,27918.0,27918.0,12936.821,29407.37,0.0,-0.93740135,-1.8933008
848.0,2.3137302,7.5,30753.0,30753.0,24370.023,33675.56,0.0,-0.7325344,-1.9008105
848.0,2.3137302,8.5,36879.0,36879.0,51812.266,14941.739,0.0,-0.05122502,-0.62353384
848.0,2.3137302,9.5,39366.0,39366.0,21234.062,31942.998,0.0,-1.1225475,0.22287174
848.0,2.3137302,10.5,44821.0,44821.0,50336.23,58194.35,0.0,1.4573293,1.1403089
848.0,2.3137302,11.5,49961.0,49961.0,35230.3,50204.824,0.0,2.225032,1.5220007
848.0,2.3137302,12.5,48829.0,48829.0,71942.984,65821.164,0.0,-2.779848,1.4021223
848.0,2.3137302,13.5,40890.0,40890.0,63252.406,49941.164,0.0,2.9443917,1.4011059
848.0,2.3137302,14.5,32235.0,32235.0,16124.122,13326.145,0.0,2.2269335,0.6681775
848.0,2.3137302,15.5,26284.0,26284.0,9983.068,16527.639,0.0,1.1375277,0.19247532
848.0,2.3137302,16.5,19848.0,19848.0,13495.029,9572.217,0.0,1.5183499,-0.97704685
848.0,2.3137302,17.5,14317.0,14317.0,7315.6284,6244.218,0.0,-3.0652359,-1.7446738
848.0,2.3137302,18.5,9585.0,9585.0,13204.932,9043.939,0.0,-2.0168571,-0.6751506
848.0,2.3137302,19.5,5997.0,5997.0,9750.524,11023.212,0.0,-1.3874629,1.9988337
848.0,2.3137302,20.5,4057.0,4057.0,7420.1074,8408.477,0.0,-1.5400153,2.003611
848.0,2.3137302,21.5,2886.0,2886.0,10781.752,8089.7974,0.0,-1.5744618,2.5145278
850.0,2.2695212,0.5,0.0,0.0,0.0,0.0,0.0,0.0,0.0
850.0,2.2695212,1.5,10930.0,10930.0,15424.643,10814.878,0.0,-0.17896718,2.592412
850.0,2.2695212,2.5,12691.0,12691.0,26220.084,2469.592,0.0,-1.3565764,2.9423373
850.0,2.2695212,3.5,14093.0,14093.0,33608.258,5320.788,0.0,-2.2778096,1.328479
850.0,2.2695212,4.5,16107.0,16107.0,29234.625,5638.781,0.0,-2.5374985,0.50755626
850.0,2.2695212,5.5,23595.0,23595.0,22315.586,12737.348,0.0,-2.6337783,2.2885125
850.0,2.2695212,6.5,27323.0,27323.0,8763.027,14756.186,0.0,0.31484917,3.0886161
850.0,2.2695212,7.5,29674.0,29674.0,24379.916,15793.596,0.0,-0.4101234,-1.8760661
850.0,2.2695212,8.5,35167.0,35167.0,40027.285,27565.357,0.0,-0.7256913,-1.3647579
850.0,2.2695212,9.5,39242.0,39242.0,17667.33,20250.152,0.0,-0.704358,-0.7144039
850.0,2.2695212,10.5,43671.0,43671.0,23311.299,14474.982,0.0,-0.09242348,0.8313124
850.0,2.2695212,11.5,47592.0,47592.0,69145.15,30540.488,0.0,-2.7596943,0.5156131
850.0,2.2695212,12.5,48481.0,48481.0,91910.67,28163.818,0.0,-2.5458083,0.9657736
850.0,2.2695212,13.5,41617.0,41617.0,78059.67,53794.71,0.0,3.0075889,0.2771783
850.0,2.2695212,14.5,30650.0,30650.0,60819.48,33433.137,0.0,2.6618102,0.7186898
850.0,2.2695212,15.5,24010.0,24010.0,25340.08,14296.691,0.0,1.8480059,0.80803686
850.0,2.2695212,16.5,19832.0,19832.0,4400.0576,17037.066,0.0,1.1960614,-0.7419626
850.0,2.2695212,17.5,15033.0,15033.0,11262.144,8425.894,0.0,-2.6253867,-0.78871334
850.0,2.2695212,18.5,9876.0,9876.0,10793.497,3774.22,0.0,-3.1106653,3.073234
850.0,2.2695212,19.5,6249.0,6249.0,8786.764,5082.4204,0.0,-1.6415075,1.8952537
850.0,2.2695212,20.5,3799.0,3799.0,10348.688,9038.541,0.0,-1.7770597,1.473157
850.0,2.2695212,21.5,2671.0,2671.0,7447.508,6252.599,0.0,-1.9189782,1.9138728
853.0,2.2249305,0.5,0.0,0.0,0.0,0.0,0.0,0.0,0.0
853.0,2.2249305,1.5,10472.0,10472.0,7747.6514,13332.251,0.0,1.7589693,-0.69041586
853.0,2.2249305,2.5,12042.0,12042.0,7799.7603,8715.809,0.0,-0.6841043,2.1413145
853.0,2.2249305,3.5,13127.0,13127.0,28148.926,6191.698,0.0,-2.0528455,-1.9648051
853.0,2.2249305,4.5,14508.0,14508.0,30443.158,4554.7915,0.0,-2.2891562,-1.3380558
853.0,2.2249305,5.5,22112.0,22112.0,25465.125,21708.635,0.0,-2.8220224,0.96892846
853.0,2.2249305,6.5,26165.0,26165.0,18125.838,18292.777,0.0,2.1156218,1.7936575
853.0,2.2249305,7.5,28643.0,28643.0,13736.487,10345.751,0.0,0.8888599,-3.1144836
853.0,2.2249305,8.5,33398.0,33398.0,27206.78,11440.849,0.0,-0.22166008,-2.357129
853.0,2.2249305,9.5,38492.0,38492.0,17676.66,28255.652,0.0,0.21878257,-0.102678046
853.0,2.2249305,10.5,42405.0,42405.0,29191.916,19768.695,0.0,2.2870686,1.8170667
853.0,2.2249305,11.5,46674.0,46674.0,74390.15,10966.587,0.0,-2.8931773,-1.9827781
853.0,2.2249305,12.5,44857.0,44857.0,90571.57,74426.14,0.0,-2.687619,-0.11688733
853.0,2.2249305,13.5,37535.0,37535.0,73477.95,49498.71,0.0,3.0765512,0.2790009
853.0,2.2249305,14.5,29421.0,29421.0,52461.152,32353.17,0.0,2.4577065,0.3370843
853.0,2.2249305,15.5,22133.0,22133.0,36245.0,17289.305,0.0,2.007601,1.1340758
853.0,2.2249305,16.5,17382.0,17382.0,23615.814,6376.846,0.0,1.1354319,1.1272023
853.0,2.2249305,17.5,12673.0,12673.0,6575.7773,7519.887,0.0,-2.0848773,0.4082946
853.0,2.2249305,18.5,9098.0,9098.0,12401.31,4914.38,0.0,-2.6696773,1.4925313
853.0,2.2249305,19.5,5883.0,5883.0,5868.3135,3578.9524,0.0,-2.6836443,-2.7354717
853.0,2.2249305,20.5,3517.0,3517.0,5298.8555,5213.408,0.0,-1.2901453,2.4361901
853.0,2.2249305,21.5,2274.0,2274.0,5624.7935,3230.7034,0.0,-1.7499944,2.7267406
855.0,2.2025325,0.5,0.0,0.0,0.0,0.0,0.0,0.0,0.0
855.0,2.2025325,1.5,10482.0,10482.0,19633.65,9437.473,0.0,2.8002684,1.2017632
855.0,2.2025325,2.5,12011.0,12011.0,6906.1646,2126.397,0.0,-1.7151754,0.97766507
855.0,2.2025325,3.5,12946.0,12946.0,16612.432,3301.222,0.0,-2.2089891,2.2079759
855.0,2.2025325,4.5,14150.0,14150.0,22636.578,6932.5757,0.0,-2.5413446,-2.5797086
855.0,2.2025325,5.5,22185.0,22185.0,28961.408,14176.001,0.0,-2.979413,0.31674632
855.0,2.2025325,6.5,25150.0,25150.0,22152.29,19386.725,0.0,2.4622657,1.0707226
855.0,2.2025325,7.5,27500.0,27500.0,10364.28,2030.3877,0.0,0.890933,-0.07270233
855.0,2.2025325,8.5,33478.0,33478.0,27926.918,28039.287,0.0,-0.26625457,-1.6990465
855.0,2.2025325,9.5,38685.0,38685.0,28809.658,31130.652,0.0,-0.22830938,-0.5535001
855.0,2.2025325,10.5,43986.0,43986.0,37322.78,14362.465,0.0,2.5116124,2.53482
855.0,2.2025325,11.5,45389.0,45389.0,61553.77,18352.6,0.0,-2.9025688,-1.3840673
855.0,2.2025325,12.5,43954.0,43954.0,70173.72,72942.02,0.0,-2.7823267,-0.51128554
855.0,2.2025325,13.5,35956.0,35956.0,63630.375,54910.34,0.0,-2.9847531,-0.11355469
855.0,2.2025325,14.5,28662.0,28662.0,61985.98,41795.043,0.0,2.1532848,0.18977767
855.0,2.2025325,15.5,21742.0,21742.0,46858.45,18674.135,0.0,1.7403659,0.6490549
855.0,2.2025325,16.5,16761.0,16761.0,31217.176,9849.421,0.0,1.0809424,0.19505708
855.0,2.2025325,17.5,12213.0,12213.0,7603.025,14360.838,0.0,-0.18443856,0.69054633
855.0,2.2025325,18.5,8665.0,8665.0,9517.29,10624.131,0.0,-2.3784983,1.6910541
855.0,2.2025325,19.5,6124.0,6124.0,6579.2295,5244.7715,0.0,-2.2889128,-2.936536
855.0,2.2025325,20.5,3655.0,3655.0,4747.6772,3601.224,0.0,-1.334099,2.6031256
855.0,2.2025325,21.5,2350.0,2350.0,5941.305,5162.9995,0.0,-1.7574891,2.5455532
856.0,2.1800876,0.5,0.0,0.0,0.0,0.0,0.0,0.0,0.0
856.0,2.1800876,1.5,10142.0,10142.0,24744.734,9353.018,0.0,3.0834959,-1.4163846
856.0,2.1800876,2.5,12001.0,12001.0,12235.719,3141.013,0.0,-1.5121582,-2.1054778
856.0,2.1800876,3.5,13044.0,13044.0,17181.684,4909.3154,0.0,-1.4982083,0.032320328
856.0,2.1800876,4.5,13972.0,13972.0,20194.346,5514.611,0.0,-2.429556,-2.1615837
856.0,2.1800876,5.5,21676.0,21676.0,22271.045,9698.8955,0.0,2.964097,0.19734122
856.0,2.1800876,6.5,25045.0,25045.0,24040.273,20558.777,0.0,2.5369005,0.5286242
856.0,2.1800876,7.5,26576.0,26576.0,16997.127,11116.933,0.0,1.1067145,-1.3527979
856.0,2.1800876,8.5,34144.0,34144.0,33489.023,21115.629,0.0,-0.4074485,-2.1227896
856.0,2.1800876,9.5,39426.0,39426.0,13421.425,32372.367,0.0,-1.1198609,-0.96330726
856.0,2.1800876,10.5,42839.0,42839.0,11001.275,22068.51,0.0,2.8919246,-2.8234448
856.0,2.1800876,11.5,44891.0,44891.0,40559.387,16873.67,0.0,3.098879,-0.4847615
856.0,2.1800876,12.5,42045.0,42045.0,59497.45,65981.234,0.0,-2.4306412,-0.7672619
856.0,2.1800876,13.5,35696.0,35696.0,55812.684,43641.887,0.0,-3.040406,-0.5502952
856.0,2.1800876,14.5,26969.0,26969.0,46563.258,25570.24,0.0,2.072315,-0.23974408
856.0,2.1800876,15.5,20171.0,20171.0,53400.09,26060.742,0.0,1.6024632,0.32137787
856.0,2.1800876,16.5,15504.0,15504.0,35076.496,13331.774,0.0,0.9832248,0.22597374
856.0,2.1800876,17.5,10804.0,10804.0,3373.7632,20746.008,0.0,0.5929735,0.40474918
856.0,2.1800876,18.5,7925.0,7925.0,5989.6694,10164.111,0.0,-2.722723,1.0999651
856.0,2.1800876,19.5,5862.0,5862.0,4227.928,3146.7263,0.0,-2.966796,2.7638273
856.0,2.1800876,20.5,3791.0,3791.0,3847.6858,4404.661,0.0,-1.9276289,-3.1310399
856.0,2.1800876,21.5,2428.0,2428.0,4542.848,4029.8213,0.0,-1.8169544,2.8668509
858.0,2.1575325,0.5,0.0,0.0,0.0,0.0,0.0,0.0,0.0
858.0,2.1575325,1.5,9942.0,9942.0,26696.426,5391.666,0.0,3.0498319,-0.947625
858.0,2.1575325,2.5,11212.0,11212.0,8970.68,2302.224,0.0,2.9961145,1.5876751
858.0,2.1575325,3.5,12835.0,12835.0,15060.353,4245.7734,0.0,-1.4707146,-3.0362616
858.0,2.1575325,4.5,13782.0,13782.0,20667.672,7161.657,0.0,-2.0647483,-2.5293427
858.0,2.1575325,5.5,21333.0,21333.0,25537.793,16401.865,0.0,-2.785174,-0.90806365
858.0,2.1575325,6.5,24737.0,24737.0,22263.03,24552.57,0.0,2.6902947,-0.13565499
858.0,2.1575325,7.5,26900.0,26900.0,7816.555,14079.158,0.0,0.93191934,-0.4558902
858.0,2.1575325,8.5,33685.0,33685.0,3722.1313,17934.043,0.0,1.6591544,-2.0142794
858.0,2.1575325,9.5,38486.0,38486.0,42943.387,26273.799,0.0,-1.0503268,-1.2060091
858.0,2.1575325,10.5,41548.0,41548.0,11857.67,26478.24,0.0,0.45879272,-2.4354548
858.0,2.1575325,11.5,45084.0,45084.0,39163.156,28404.158,0.0,-3.0085702,-0.94493246
858.0,2.1575325,12.5,40748.0,40748.0,64538.05,58429.043,0.0,-2.1910288,-1.0938714
858.0,2.1575325,13.5,34982.0,34982.0,43623.473,30548.408,0.0,-3.0352037,-0.807319
858.0,2.1575325,14.5,26489.0,26489.0,37007.316,17594.91,0.0,2.031229,0.31670207
858.0,2.1575325,15.5,18645.0,18645.0,51173.375,13447.713,0.0,1.2389812,-0.10653424
858.0,2.1575325,16.5,13979.0,13979.0,34434.42,10681.72,0.0,0.8453828,-0.806674
858.0,2.1575325,17.5,10073.0,10073.0,6125.3584,21083.049,0.0,1.0230589,0.0438572
858.0,2.1575325,18.5,7497.0,7497.0,5875.3086,5802.5195,0.0,2.024979,0.08705304
858.0,2.1575325,19.5,5395.0,5395.0,4098.052,4452.026,0.0,2.448457,-2.5771084
858.0,2.1575325,20.5,3614.0,3614.0,1688.4009,6546.208,0.0,-2.2389727,2.9533925
858.0,2.1575325,21.5,2397.0,2397.0,6224.674,4478.327,0.0,-2.431757,2.449433
860.0,2.1122196,0.5,0.0,0.0,0.0,0.0,0.0,0.0,0.0
860.0,2.1122196,1.5,9434.0,9434.0,9825.38,7250.187,0.0,-2.8758638,1.5180209
860.0,2.1122196,2.5,10330.0,10330.0,19730.867,8284.178,0.0,2.9864283,-0.5231685
860.0,2.1122196,3.5,12470.0,12470.0,2906.1865,2981.018,0.0,-2.08842,0.40170422
860.0,2.1122196,4.5,12651.0,12651.0,9923.024,7096.431,0.0,-1.0627075,2.2676322
860.0,2.1122196,5.5,20605.0,20605.0,21507.105,15097.679,0.0,-3.1271906,-2.5805826
860.0,2.1122196,6.5,25198.0,25198.0,33199.77,19275.037,0.0,2.8620293,-1.744895
860.0,2.1122196,7.5,28019.0,28019.0,28097.96,22630.855,0.0,1.978939,-1.2818398
860.0,2.1122196,8.5,32234.0,32234.0,6717.7437,22265.082,0.0,1.7205595,-1.6735216
860.0,2.1122196,9.5,37024.0,37024.0,19933.998,45927.938,0.0,-1.2808747,-2.4057608
860.0,2.1122196,10.5,39484.0,39484.0,38013.582,33706.95,0.0,-2.4013927,-2.5562396
860.0,2.1122196,11.5,45951.0,45951.0,77687.57,38168.203,0.0,-1.757502,-1.5065434
860.0,2.1122196,12.5,42851.0,42851.0,64848.473,71609.695,0.0,-2.2754657,-1.4460827
860.0,2.1122196,13.5,34481.0,34481.0,66960.875,36812.715,0.0,-2.4743304,-1.3882703
860.0,2.1122196,14.5,26842.0,26842.0,15047.883,26520.56,0.0,3.0930028,1.193341
860.0,2.1122196,15.5,18911.0,18911.0,21195.367,5428.5864,0.0,0.9072095,-2.6722972
860.0,2.1122196,16.5,13591.0,13591.0,25010.254,12415.263,0.0,0.5430181,-1.4263704
860.0,2.1122196,17.5,10370.0,10370.0,13976.003,7262.134,0.0,0.7060816,-0.27301595
860.0,2.1122196,18.5,6779.0,6779.0,6183.363,749.5923,0.0,0.6974748,-2.7978299
860.0,2.1122196,19.5,5200.0,5200.0,4733.39,6878.079,0.0,-0.098504685,-2.7430184
860.0,2.1122196,20.5,3563.0,3563.0,2849.2195,3901.3494,0.0,-1.1132418,2.8937397
860.0,2.1122196,21.5,2301.0,2301.0,7937.155,5783.0913,0.0,-2.3794456,2.4641943
862.0,2.0871112,0.5,0.0,0.0,0.0,0.0,0.0,0.0,0.0
862.0,2.0871112,1.5,9491.0,9491.0,9141.271,10330.204,0.0,-2.9950151,-1.8618498
862.0,2.0871112,2.5,10564.0,10564.0,20363.059,7937.184,0.0,2.9704912,-0.74414325
862.0,2.0871112,3.5,11650.0,11650.0,6650.3667,8877.279,0.0,2.930112,-0.85877615
862.0,2.0871112,4.5,12988.0,12988.0,9642.222,7782.78,0.0,-2.0322618,1.6428281
862.0,2.0871112,5.5,19850.0,19850.0,23594.912,9611.383,0.0,-2.613166,-3.0331504
862.0,2.0871112,6.5,24328.0,24328.0,26172.674,25769.418,0.0,3.0839725,-1.9458622
862.0,2.0871112,7.5,27431.0,27431.0,22414.559,16038.207,0.0,2.4022236,-1.5701046
862.0,2.0871112,8.5,31153.0,31153.0,17525.389,22413.096,0.0,1.3112946,-2.1364236
862.0,2.0871112,9.5,36821.0,36821.0,8591.3955,33305.21,0.0,-1.4827163,-2.9563577
862.0,2.0871112,10.5,39414.0,39414.0,42184.305,31947.787,0.0,-2.4506464,-2.95661
862.0,2.0871112,11.5,45597.0,45597.0,78702.92,59903.074,0.0,-2.1206636,-1.7972499
862.0,2.0871112,12.5,42873.0,42873.0,71007.75,80339.54,0.0,-2.086567,-1.822098
862.0,2.0871112,13.5,34831.0,34831.0,61800.25,42614.34,0.0,-2.1074882,-2.0648851
862.0,2.0871112,14.5,27057.0,27057.0,26995.66,19025.203,0.0,-2.8257308,1.0949711
862.0,2.0871112,15.5,19736.0,19736.0,11114.986,7874.2007,0.0,1.9877675,0.79856414
862.0,2.0871112,16.5,13771.0,13771.0,9137.152,4099.045,0.0,-0.43823972,-2.3571334
862.0,2.0871112,17.5,9796.0,9796.0,14468.8545,5519.9424,0.0,-0.059484478,-0.6170734
862.0,2.0871112,18.5,6387.0,6387.0,8818.562,1728.3213,0.0,-0.008717259,0.14571622
862.0,2.0871112,19.5,4938.0,4938.0,6098.3755,2961.9016,0.0,-0.51743066,-2.8808625
862.0,2.0871112,20.5,3366.0,3366.0,4246.173,5200.328,0.0,-1.9247525,2.7850199
862.0,2.0871112,21.5,1901.0,1901.0,3690.847,4360.328,0.0,-2.120974,-2.9687834
864.0,2.0619612,0.5,0.0,0.0,0.0,0.0,0.0,0.0,0.0
864.0,2.0619612,1.5,9320.0,9320.0,1377.031,3192.4182,0.0,1.8193942,1.6774884
864.0,2.0619612,2.5,10429.0,10429.0,21143.186,4092.976,0.0,-2.9094975,-2.7335982
864.0,2.0619612,3.5,11765.0,11765.0,6730.0127,4992.7812,0.0,3.0687585,0.23259969
864.0,2.0619612,4.5,13091.0,13091.0,3684.6946,3877.7175,0.0,-2.857276,1.9828207
864.0,2.0619612,5.5,20249.0,20249.0,31169.656,11919.89,0.0,-2.9517133,2.1294348
864.0,2.0619612,6.5,22820.0,22820.0,43951.18,21216.234,0.0,-2.9990127,-2.6044366
864.0,2.0619612,7.5,26354.0,26354.0,22882.525,22269.469,0.0,3.063238,-2.6964583
864.0,2.0619612,8.5,31397.0,31397.0,18738.941,11865.61,0.0,2.129354,-2.0317092
864.0,2.0619612,9.5,36522.0,36522.0,7014.8545,38946.92,0.0,2.9053113,-3.13517
864.0,2.0619612,10.5,40193.0,40193.0,34709.113,34790.56,0.0,-3.1180155,-2.2112973
864.0,2.0619612,11.5,44541.0,44541.0,57108.594,44325.3,0.0,-2.085856,-2.4928432
864.0,2.0619612,12.5,43053.0,43053.0,65844.27,82392.59,0.0,-1.846962,-2.234321
864.0,2.0619612,13.5,35099.0,35099.0,64738.668,38953.156,0.0,-2.2735887,-2.4370775
864.0,2.0619612,14.5,27903.0,27903.0,47348.15,10760.019,0.0,-2.579184,3.01162
864.0,2.0619612,15.5,20450.0,20450.0,12592.434,16264.369,0.0,2.8479939,0.550511
864.0,2.0619612,16.5,13450.0,13450.0,7400.825,11799.9,0.0,-1.3198758,-0.40357158
864.0,2.0619612,17.5,9346.0,9346.0,15111.851,6432.0127,0.0,-0.3674607,-1.0412964
864.0,2.0619612,18.5,6574.0,6574.0,7434.3013,4964.0854,0.0,-0.60680014,1.4704978
864.0,2.0619612,19.5,4836.0,4836.0,7090.04,1441.5919,0.0,-0.91841143,2.7696981
864.0,2.0619612,20.5,3142.0,3142.0,3635.3125,5941.8774,0.0,-1.8402897,-2.9239678
864.0,2.0619612,21.5,1659.0,1659.0,2761.9531,4848.5728,0.0,-2.0270762,2.929267
867.0,2.0113456,0.5,0.0,0.0,0.0,0.0,0.0,0.0,0.0
867.0,2.0113456,1.5,9094.0,9094.0,8612.105,6855.563,0.0,-3.1039886,1.2099469
867.0,2.0113456,2.5,10305.0,10305.0,25387.203,8680.055,0.0,-2.4161444,0.16679542
867.0,2.0113456,3.5,10855.0,10855.0,22354.465,5213.8105,0.0,-3.00403,-2.727203
867.0,2.0113456,4.5,12821.0,12821.0,11838.692,3656.7478,0.0,-2.998151,-0.3028731
867.0,2.0113456,5.5,19975.0,19975.0,25448.967,12085.702,0.0,-2.9765067,1.5013611
867.0,2.0113456,6.5,23746.0,23746.0,30953.05,28130.416,0.0,-2.8204827,2.3449244
867.0,2.0113456,7.5,24692.0,24692.0,23995.213,20182.32,0.0,2.9946244,2.4191902
867.0,2.0113456,8.5,29956.0,29956.0,9737.797,4365.7393,0.0,1.8785628,1.1519068
867.0,2.0113456,9.5,35980.0,35980.0,13353.127,36758.47,0.0,1.7114561,2.891411
867.0,2.0113456,10.5,40888.0,40888.0,28476.844,40294.01,0.0,-3.0745807,3.111491
867.0,2.0113456,11.5,44009.0,44009.0,65464.742,24759.307,0.0,-1.8640413,2.6851695
867.0,2.0113456,12.5,41743.0,41743.0,64138.086,60816.957,0.0,-1.8271447,3.0904331
867.0,2.0113456,13.5,36411.0,36411.0,64015.977,61926.664,0.0,-2.8375006,-2.609918
867.0,2.0113456,14.5,26263.0,26263.0,28959.068,29353.498,0.0,-2.630789,-1.6838841
867.0,2.0113456,15.5,19645.0,19645.0,5464.866,14391.076,0.0,1.2143288,-1.5099034
867.0,2.0113456,16.5,13772.0,13772.0,1463.8729,6522.552,0.0,2.5182068,-1.4359881
867.0,2.0113456,17.5,9258.0,9258.0,17760.105,7023.6895,0.0,-0.9300628,-2.410912
867.0,2.0113456,18.5,6526.0,6526.0,10000.672,3846.2864,0.0,-1.2524521,-0.16577852
867.0,2.0113456,19.5,4200.0,4200.0,4119.5312,5566.952,0.0,-1.8058904,1.0694501
867.0,2.0113456,20.5,2512.0,2512.0,4687.26,2761.7979,0.0,-1.5050502,-2.7860496
867.0,2.0113456,21.5,1273.0,1273.0,2312.103,3389.8423,0.0,-2.131256,-2.6579041
870.0,1.9603127,0.5,0.0,0.0,0.0,0.0,0.0,0.0,0.0
870.0,1.9603127,1.5,8818.0,8818.0,12845.919,5013.2856,0.0,-3.0121908,-0.5427358
870.0,1.9603127,2.5,9936.0,9936.0,10507.295,6718.3477,0.0,-2.7822049,-1.5735295
870.0,1.9603127,3.5,10553.0,10553.0,27969.475,2003.9049,0.0,-2.7956414,-1.3986326
870.0,1.9603127,4.5,12634.0,12634.0,20358.932,3131.6243,0.0,-2.7945821,0.5381655
870.0,1.9603127,5.5,19749.0,19749.0,24180.66,5352.077,0.0,-2.8407311,0.20887122
870.0,1.9603127,6.5,23719.0,23719.0,38654.227,22228.137,0.0,3.0494564,1.2240124
870.0,1.9603127,7.5,25102.0,25102.0,35045.16,19299.553,0.0,-2.9781678,1.1450734
870.0,1.9603127,8.5,30808.0,30808.0,4275.404,23640.352,0.0,2.6180604,2.4673169
870.0,1.9603127,9.5,37309.0,37309.0,42273.777,34394.016,0.0,1.41813,1.9932626
870.0,1.9603127,10.5,38539.0,38539.0,16518.791,39124.38,0.0,-1.5212075,1.7729738
870.0,1.9603127,11.5,40258.0,40258.0,55233.61,70822.3,0.0,-1.7269797,2.0308084
870.0,1.9603127,12.5,39644.0,39644.0,19894.492,76564.16,0.0,-0.36757287,2.8229024
870.0,1.9603127,13.5,32247.0,32247.0,20296.549,59755.617,0.0,-2.4436932,2.8888335
870.0,1.9603127,14.5,23757.0,23757.0,33831.84,32896.04,0.0,-2.2246616,-2.202619
870.0,1.9603127,15.5,16235.0,16235.0,6025.099,15142.477,0.0,2.8661351,-2.0409262
870.0,1.9603127,16.5,11494.0,11494.0,13954.533,6322.99,0.0,0.8606269,0.50189793
870.0,1.9603127,17.5,8192.0,8192.0,16076.152,4111.7812,0.0,-0.735906,2.1256495
870.0,1.9603127,18.5,5361.0,5361.0,7444.6895,4904.6445,0.0,-1.3310322,-2.770444
870.0,1.9603127,19.5,2778.0,2778.0,2944.3904,3153.271,0.0,-2.7969668,2.0418208
870.0,1.9603127,20.5,1564.0,1564.0,1997.851,1547.765,0.0,-1.7165213,3.0102346
870.0,1.9603127,21.5,887.0,887.0,2843.896,3055.686,0.0,-1.0205592,-2.3546183
872.0,1.9346406,0.5,0.0,0.0,0.0,0.0,0.0,0.0,0.0
872.0,1.9346406,1.5,8237.0,8237.0,14445.539,1624.5232,0.0,-2.924667,1.0678419
872.0,1.9346406,2.5,9629.0,9629.0,12153.299,3736.3242,0.0,-2.511542,1.588731
872.0,1.9346406,3.5,10719.0,10719.0,28535.068,4919.4365,0.0,-2.7031507,0.94407845
872.0,1.9346406,4.5,12186.0,12186.0,20510.77,4306.126,0.0,-2.8086538,-0.97160643
872.0,1.9346406,5.5,19483.0,19483.0,32234.896,9060.463,0.0,-2.3884153,0.2134833
872.0,1.9346406,6.5,22696.0,22696.0,32631.965,19840.12,0.0,-2.4499714,0.59884244
872.0,1.9346406,7.5,25815.0,25815.0,22274.648,21750.248,0.0,-2.911146,1.0870947
872.0,1.9346406,8.5,31769.0,31769.0,3820.1985,24358.7,0.0,-1.3380692,1.4891915
872.0,1.9346406,9.5,37353.0,37353.0,22539.35,46770.92,0.0,0.2667009,1.4349045
872.0,1.9346406,10.5,38257.0,38257.0,40355.76,67160.31,0.0,-1.0655699,1.2999783
872.0,1.9346406,11.5,39107.0,39107.0,55810.5,70494.34,0.0,-0.9499231,1.7344699
872.0,1.9346406,12.5,38357.0,38357.0,30103.459,68222.89,0.0,-1.0860124,2.3457668
872.0,1.9346406,13.5,30346.0,30346.0,26913.979,28876.338,0.0,-1.803316,2.3249543
872.0,1.9346406,14.5,22416.0,22416.0,45063.105,36060.36,0.0,-2.1209745,-2.6902394
872.0,1.9346406,15.5,15599.0,15599.0,13022.091,17734.502,0.0,-1.7925053,-2.1236901
872.0,1.9346406,16.5,10677.0,10677.0,6124.3477,13698.239,0.0,1.7184561,1.0005811
872.0,1.9346406,17.5,7420.0,7420.0,17041.383,4374.409,0.0,-0.946038,2.4750786
872.0,1.9346406,18.5,4724.0,4724.0,8051.226,6728.5186,0.0,-1.1933951,-3.001314
872.0,1.9346406,19.5,2471.0,2471.0,1169.2592,5037.1562,0.0,0.78166455,2.9310958
872.0,1.9346406,20.5,1301.0,1301.0,2006.2837,2744.9978,0.0,0.45037392,-2.9099474
872.0,1.9346406,21.5,673.0,673.0,1921.3364,3965.739,0.0,0.46959424,-2.4714062
875.0,1.8830501,0.5,0.0,0.0,0.0,0.0,0.0,0.0,0.0
875.0,1.8830501,1.5,7658.0,7658.0,10937.768,5221.5547,0.0,-2.6196127,1.2545605
875.0,1.8830501,2.5,8890.0,8890.0,24132.484,3210.4216,0.0,-2.6373353,-0.9230736
875.0,1.8830501,3.5,11002.0,11002.0,26404.49,1275.8466,0.0,-2.5956225,-0.06764075
875.0,1.8830501,4.5,12135.0,12135.0,22753.695,7141.5117,0.0,-2.6651375,-1.7739794
875.0,1.8830501,5.5,17970.0,17970.0,30609.133,9455.885,0.0,-2.6880925,-1.1485696
875.0,1.8830501,6.5,22021.0,22021.0,35346.113,25583.672,0.0,-2.8769376,-0.7271824
875.0,1.8830501,7.5,24336.0,24336.0,43809.08,14214.437,0.0,-2.8222322,-0.1581384
875.0,1.8830501,8.5,31468.0,31468.0,28789.15,17923.213,0.0,3.0817058,0.5661475
875.0,1.8830501,9.5,37232.0,37232.0,9735.379,22447.8,0.0,1.6817707,-0.07219573
875.0,1.8830501,10.5,40085.0,40085.0,10489.131,30825.05,0.0,-0.94286144,0.48032522
875.0,1.8830501,11.5,39038.0,39038.0,83807.414,77284.72,0.0,-1.2039026,0.85973614
875.0,1.8830501,12.5,36107.0,36107.0,78530.07,62141.82,0.0,-1.651704,1.8414694
875.0,1.8830501,13.5,29705.0,29705.0,47600.637,18353.43,0.0,-2.0297794,2.3820734
875.0,1.8830501,14.5,22479.0,22479.0,42027.926,23806.363,0.0,-2.3396933,2.7437587
875.0,1.8830501,15.5,15086.0,15086.0,28315.621,12280.926,0.0,-2.6767063,-2.569654
875.0,1.8830501,16.5,9901.0,9901.0,6519.6304,9994.128,0.0,-1.7142501,-1.5222747
875.0,1.8830501,17.5,7159.0,7159.0,14027.749,3638.71,0.0,-0.7204657,-1.7327617
875.0,1.8830501,18.5,4454.0,4454.0,4984.3887,2682.2087,0.0,-1.6169678,2.4462209
875.0,1.8830501,19.5,2429.0,2429.0,2862.6667,4007.6174,0.0,-0.7380812,1.994821
875.0,1.8830501,20.5,1249.0,1249.0,1246.3561,4196.985,0.0,0.67248464,2.5197954
875.0,1.8830501,21.5,648.0,648.0,1553.8169,2579.668,0.0,0.8122804,3.042688
877.0,1.854485,0.5,0.0,0.0,0.0,0.0,0.0,0.0,0.0
877.0,1.854485,1.5,7379.0,7379.0,6745.132,3298.741,0.0,-1.3259597,-1.684348
877.0,1.854485,2.5,8540.0,8540.0,23386.787,5835.0264,0.0,-2.5354342,-2.2676477
877.0,1.854485,3.5,10432.0,10432.0,28346.74,2265.697,0.0,-2.4072964,-2.1916697
877.0,1.854485,4.5,11356.0,11356.0,22564.4,7041.634,0.0,-2.454327,-2.9779813
877.0,1.854485,5.5,18567.0,18567.0,37244.758,16014.094,0.0,-2.5291553,-2.3965747
877.0,1.854485,6.5,22097.0,22097.0,35646.523,28439.807,0.0,-2.3167396,-1.0718001
877.0,1.854485,7.5,23850.0,23850.0,25510.666,26554.955,0.0,-3.0336528,-0.4975682
877.0,1.854485,8.5,29877.0,29877.0,30795.816,14956.508,0.0,2.5262625,0.04531585
877.0,1.854485,9.5,35721.0,35721.0,22738.496,46144.31,0.0,2.366919,-0.90124404
877.0,1.854485,10.5,38810.0,38810.0,39789.37,19529.29,0.0,-0.8633043,-0.07826903
877.0,1.854485,11.5,39740.0,39740.0,76243.39,52710.707,0.0,-0.8604328,0.9097908
877.0,1.854485,12.5,37266.0,37266.0,48108.59,52527.938,0.0,-1.4094344,1.1569296
877.0,1.854485,13.5,30254.0,30254.0,47001.09,31084.508,0.0,-2.6459785,1.325904
877.0,1.854485,14.5,22388.0,22388.0,38371.406,21830.492,0.0,-2.8734975,1.9533888
877.0,1.854485,15.5,14286.0,14286.0,29884.256,14109.181,0.0,-2.9856353,2.9703486
877.0,1.854485,16.5,9107.0,9107.0,6433.7603,14200.627,0.0,-1.8402904,-2.5354972
877.0,1.854485,17.5,6710.0,6710.0,9057.411,5767.8086,0.0,-0.9352227,-1.9041756
877.0,1.854485,18.5,4128.0,4128.0,9658.259,4494.5034,0.0,-1.6115464,-2.8501382
877.0,1.854485,19.5,2301.0,2301.0,5832.331,4550.2197,0.0,-1.7798176,2.2450929
877.0,1.854485,20.5,1277.0,1277.0,1576.4264,3040.7312,0.0,-0.5968892,2.100216
877.0,1.854485,21.5,584.0,584.0,1420.4681,1940.8398,0.0,0.26229644,-3.0161784
879.0,1.82576,0.5,0.0,0.0,0.0,0.0,0.0,0.0,0.0
879.0,1.82576,1.5,7263.0,7263.0,3530.72,7920.847,0.0,-1.6122543,2.0599062
879.0,1.82576,2.5,8606.0,8606.0,21108.598,2896.2356,0.0,-2.5220456,1.1659371
879.0,1.82576,3.5,9835.0,9835.0,26382.99,4205.7095,0.0,-2.2791266,-2.542437
879.0,1.82576,4.5,11044.0,11044.0,30361.719,8378.158,0.0,-2.2375762,2.2990243
879.0,1.82576,5.5,18224.0,18224.0,29504.012,22952.96,0.0,-2.5537264,-3.1146102
879.0,1.82576,6.5,21367.0,21367.0,32061.066,30016.432,0.0,-2.443867,-2.421136
879.0,1.82576,7.5,24213.0,24213.0,27208.832,19237.316,0.0,-2.8128583,-1.5406016
879.0,1.82576,8.5,29625.0,29625.0,9159.427,22549.896,0.0,2.905937,-1.8372258
879.0,1.82576,9.5,34888.0,34888.0,8087.825,13499.654,0.0,3.0432937,-1.7784746
879.0,1.82576,10.5,37939.0,37939.0,38133.016,10811.525,0.0,-0.8704506,0.35271794
879.0,1.82576,11.5,40182.0,40182.0,64117.258,33390.312,0.0,-0.7562281,0.92947906
879.0,1.82576,12.5,36753.0,36753.0,51283.3,52816.63,0.0,-0.9398022,-0.08486478
879.0,1.82576,13.5,30962.0,30962.0,16319.895,54937.918,0.0,-2.9161098,0.30373257
879.0,1.82576,14.5,23171.0,23171.0,36483.258,37468.42,0.0,2.5991337,1.4055485
879.0,1.82576,15.5,14037.0,14037.0,19238.021,18032.152,0.0,2.2253113,2.1648176
879.0,1.82576,16.5,8405.0,8405.0,5125.717,3218.034,0.0,1.9052998,0.5502171
879.0,1.82576,17.5,5783.0,5783.0,4993.217,10545.18,0.0,-1.6256895,3.1407914
879.0,1.82576,18.5,3425.0,3425.0,9596.608,7092.281,0.0,-1.9625428,-2.9372416
879.0,1.82576,19.5,2084.0,2084.0,6308.965,4630.1357,0.0,-1.9380649,2.33646
879.0,1.82576,20.5,1302.0,1302.0,1125.2279,4888.565,0.0,-2.0304863,2.0423856
879.0,1.82576,21.5,543.0,543.0,2084.8474,2505.7927,0.0,-1.0310752,2.9107907
881.0,1.7969384,0.5,0.0,0.0,0.0,0.0,0.0,0.0,0.0
881.0,1.7969384,1.5,7141.0,7141.0,3465.1765,2101.2507,0.0,0.1051002,-0.3777874
881.0,1.7969384,2.5,8351.0,8351.0,15631.908,4304.0576,0.0,-2.3399162,0.95750976
881.0,1.7969384,3.5,9766.0,9766.0,23471.81,5863.121,0.0,-2.3896375,2.1793108
881.0,1.7969384,4.5,12055.0,12055.0,26791.012,7045.5396,0.0,-2.3865695,1.8471836
881.0,1.7969384,5.5,17272.0,17272.0,26371.96,12339.264,0.0,-2.352754,2.5108876
881.0,1.7969384,6.5,20055.0,20055.0,20771.791,21039.709,0.0,-2.8062282,-3.098929
881.0,1.7969384,7.5,24562.0,24562.0,30041.984,15929.837,0.0,-2.827629,-2.4313788
881.0,1.7969384,8.5,29461.0,29461.0,31966.428,21989.227,0.0,-3.0801318,-2.654292
881.0,1.7969384,9.5,34618.0,34618.0,5720.9375,20590.422,0.0,0.86482066,-2.2273228
881.0,1.7969384,10.5,38579.0,38579.0,42694.082,19526.379,0.0,-0.6004332,0.3575506
881.0,1.7969384,11.5,40273.0,40273.0,58449.844,25451.215,0.0,-0.6802124,0.6292933
881.0,1.7969384,12.5,36283.0,36283.0,58739.055,52992.984,0.0,-0.7649189,0.019434715
881.0,1.7969384,13.5,30982.0,30982.0,26314.838,42158.656,0.0,-1.146424,-0.40582645
881.0,1.7969384,14.5,21985.0,21985.0,8567.77,11855.032,0.0,0.65918154,-0.10465434
881.0,1.7969384,15.5,14760.0,14760.0,19245.188,18681.832,0.0,2.1111937,0.845361
881.0,1.7969384,16.5,8102.0,8102.0,4228.55,16097.547,0.0,1.491815,0.8468213
881.0,1.7969384,17.5,5623.0,5623.0,2760.8215,4066.5505,0.0,1.127192,2.1378076
881.0,1.7969384,18.5,3128.0,3128.0,9114.1,5529.5522,0.0,-2.375121,2.8726044
881.0,1.7969384,19.5,2014.0,2014.0,6710.1885,4860.382,0.0,-2.2949317,2.0350547
881.0,1.7969384,20.5,1132.0,1132.0,2918.131,4243.668,0.0,-2.7432299,1.7128953
881.0,1.7969384,21.5,572.0,572.0,1056.5771,3349.968,0.0,-1.4872514,2.6889682
883.0,1.7679579,0.5,0.0,0.0,0.0,0.0,0.0,0.0,0.0
883.0,1.7679579,1.5,7082.0,7082.0,4382.847,1359.9153,0.0,-2.5625925,-2.212075
883.0,1.7679579,2.5,8175.0,8175.0,13712.226,4255.523,0.0,-1.971774,3.1245902
883.0,1.7679579,3.5,9035.0,9035.0,19610.133,7569.748,0.0,-2.1904335,0.8203242
883.0,1.7679579,4.5,11831.0,11831.0,24562.195,10272.114,0.0,-2.2718346,1.1621563
883.0,1.7679579,5.5,18166.0,18166.0,29906.418,20637.906,0.0,-2.45096,1.6010861
883.0,1.7679579,6.5,20054.0,20054.0,21392.68,24448.24,0.0,-2.56855,2.5445652
883.0,1.7679579,7.5,24166.0,24166.0,18144.105,22172.953,0.0,2.60083,3.0110912
883.0,1.7679579,8.5,29592.0,29592.0,29269.004,27073.889,0.0,2.236593,-2.8139706
883.0,1.7679579,9.5,34292.0,34292.0,2359.086,21340.457,0.0,2.3758776,-2.7491431
883.0,1.7679579,10.5,38444.0,38444.0,53120.598,22737.006,0.0,-0.88178504,-0.65348846
883.0,1.7679579,11.5,39857.0,39857.0,42494.125,23878.47,0.0,-0.9515977,-0.17389616
883.0,1.7679579,12.5,36311.0,36311.0,74075.56,53496.23,0.0,-0.4257664,-0.09829472
883.0,1.7679579,13.5,30362.0,30362.0,36131.47,30733.1,0.0,-0.81464386,-0.54387534
883.0,1.7679579,14.5,21432.0,21432.0,34442.28,28924.594,0.0,-1.1854175,-1.9225433
883.0,1.7679579,15.5,14438.0,14438.0,7005.945,8822.358,0.0,2.3831615,-0.2330371
883.0,1.7679579,16.5,8581.0,8581.0,8445.773,13182.031,0.0,1.344744,0.3594141
883.0,1.7679579,17.5,5743.0,5743.0,3829.398,2367.2295,0.0,-0.08613368,-0.030400742
883.0,1.7679579,18.5,3312.0,3312.0,7378.0273,3756.761,0.0,-2.1942015,1.9644578
883.0,1.7679579,19.5,1743.0,1743.0,4793.3906,2502.7837,0.0,-2.920503,1.7938688
883.0,1.7679579,20.5,1075.0,1075.0,2278.125,3752.19,0.0,-2.8950877,1.2650156
883.0,1.7679579,21.5,551.0,551.0,1800.6917,3160.0012,0.0,2.93266,2.0738788
884.0,1.7388818,0.5,0.0,0.0,0.0,0.0,0.0,0.0,0.0
884.0,1.7388818,1.5,6939.0,6939.0,10425.427,6012.6733,0.0,-2.6115158,0.9661168
884.0,1.7388818,2.5,8187.0,8187.0,14909.544,2531.7498,0.0,-1.4770143,2.625858
884.0,1.7388818,3.5,9112.0,9112.0,17247.773,8353.422,0.0,-1.9512342,-0.25483724
884.0,1.7388818,4.5,11140.0,11140.0,19425.291,6513.084,0.0,-2.3319337,0.15053603
884.0,1.7388818,5.5,17700.0,17700.0,28507.129,16916.502,0.0,-2.343752,0.8829358
884.0,1.7388818,6.5,20260.0,20260.0,24749.018,21997.016,0.0,-2.3118286,1.9738846
884.0,1.7388818,7.5,23336.0,23336.0,12554.67,20885.24,0.0,-1.8498728,2.2412717
884.0,1.7388818,8.5,29811.0,29811.0,8527.702,20865.582,0.0,1.7159435,2.5320005
884.0,1.7388818,9.5,34851.0,34851.0,2650.4275,17718.666,0.0,1.864181,3.0776157
884.0,1.7388818,10.5,37136.0,37136.0,36119.66,5974.7905,0.0,-0.55727035,1.1249249
884.0,1.7388818,11.5,39405.0,39405.0,50006.15,26028.85,0.0,-0.9136964,-1.5174775
884.0,1.7388818,12.5,35066.0,35066.0,64439.363,45718.176,0.0,-0.8582834,-0.86796594
884.0,1.7388818,13.5,29472.0,29472.0,48307.48,39789.965,0.0,-1.2408508,-0.795164
884.0,1.7388818,14.5,21877.0,21877.0,42134.285,8636.754,0.0,-1.0611019,-2.4346051
884.0,1.7388818,15.5,14459.0,14459.0,15399.716,16484.264,0.0,-1.0425146,2.955539
884.0,1.7388818,16.5,8882.0,8882.0,4329.1245,4443.6665,0.0,-2.181898,-0.5501364
884.0,1.7388818,17.5,5700.0,5700.0,4344.227,2136.031,0.0,-0.2514237,-0.5211678
884.0,1.7388818,18.5,3330.0,3330.0,4804.563,434.38235,0.0,-2.244323,-1.0606742
884.0,1.7388818,19.5,1521.0,1521.0,3791.7354,1351.4161,0.0,-3.0232372,0.5774863
884.0,1.7388818,20.5,938.0,938.0,3026.695,2199.7139,0.0,2.5629323,1.1914775
884.0,1.7388818,21.5,576.0,576.0,1497.0883,2057.0823,0.0,-2.5301747,1.6604033
888.0,1.6803821,0.5,0.0,0.0,0.0,0.0,0.0,0.0,0.0
888.0,1.6803821,1.5,6692.0,6692.0,4326.631,5599.0034,0.0,2.1790214,3.0746922
888.0,1.6803821,2.5,7949.0,7949.0,2317.003,5236.2734,0.0,-2.5916212,-2.7205424
888.0,1.6803821,3.5,9161.0,9161.0,8977.34,11511.703,0.0,-2.405551,-2.5830898
888.0,1.6803821,4.5,10315.0,10315.0,12470.19,5347.8936,0.0,-2.325728,-2.6338558
888.0,1.6803821,5.5,16480.0,16480.0,22348.502,13388.677,0.0,-2.2875333,-1.0890001
888.0,1.6803821,6.5,18818.0,18818.0,23070.586,18072.637,0.0,-2.4459605,0.3879298
888.0,1.6803821,7.5,21730.0,21730.0,18092.94,13449.178,0.0,2.9024656,0.9994168
888.0,1.6803821,8.5,27088.0,27088.0,35433.47,4185.2964,0.0,2.6706266,-2.4330502
888.0,1.6803821,9.5,34188.0,34188.0,24879.791,42488.3,0.0,2.8262305,-2.711414
888.0,1.6803821,10.5,36720.0,36720.0,17781.648,17014.928,0.0,0.16340035,-2.2468007
888.0,1.6803821,11.5,35793.0,35793.0,18446.543,14064.681,0.0,-1.0937105,3.0709164
888.0,1.6803821,12.5,34004.0,34004.0,11448.909,41912.91,0.0,-2.480042,-1.5912198
888.0,1.6803821,13.5,27434.0,27434.0,36286.355,38653.523,0.0,-1.422352,-1.5428045
888.0,1.6803821,14.5,21412.0,21412.0,46005.715,4914.139,0.0,-1.1554768,1.498069
888.0,1.6803821,15.5,14019.0,14019.0,8368.686,22265.246,0.0,-1.6650766,1.741869
888.0,1.6803821,16.5,8594.0,8594.0,13630.168,1994.6569,0.0,-0.78652483,0.3954796
888.0,1.6803821,17.5,5376.0,5376.0,13691.814,4294.1914,0.0,-0.7317111,-2.198526
888.0,1.6803821,18.5,3590.0,3590.0,6877.948,7067.2544,0.0,-2.3850875,-2.7237613
888.0,1.6803821,19.5,1625.0,1625.0,3942.0334,3395.1165,0.0,-1.9666806,-2.070376
888.0,1.6803821,20.5,835.0,835.0,2407.74,659.77966,0.0,-0.9222351,-1.9224929
888.0,1.6803821,21.5,459.0,459.0,937.72626,955.5603,0.0,0.2240188,-0.85150415
890.0,1.651335,0.5,0.0,0.0,0.0,0.0,0.0,0.0,0.0
890.0,1.651335,1.5,6677.0,6677.0,4615.42,2252.3457,0.0,2.6532362,-2.5485759
890.0,1.651335,2.5,7677.0,7677.0,8769.383,7008.0015,0.0,2.9979913,2.1658132
890.0,1.651335,3.5,9568.0,9568.0,10523.247,12441.427,0.0,-2.598012,2.795251
890.0,1.651335,4.5,10337.0,10337.0,13150.242,10737.469,0.0,-2.1366615,3.1127546
890.0,1.651335,5.5,15866.0,15866.0,28010.193,15099.648,0.0,-2.251007,-1.6037468
890.0,1.651335,6.5,18564.0,18564.0,31144.219,15713.313,0.0,-2.7233825,-0.4941996
890.0,1.651335,7.5,21059.0,21059.0,16175.22,6595.376,0.0,-2.9659104,0.587858
890.0,1.651335,8.5,26989.0,26989.0,20698.799,4138.2075,0.0,2.1338432,-2.0773964
890.0,1.651335,9.5,31807.0,31807.0,20521.127,39072.633,0.0,1.4404768,2.65476
890.0,1.651335,10.5,36575.0,36575.0,28678.691,20181.605,0.0,0.6952925,2.8926413
890.0,1.651335,11.5,35891.0,35891.0,49483.816,27728.408,0.0,0.40622672,-2.8820338
890.0,1.651335,12.5,32889.0,32889.0,8138.311,48067.844,0.0,1.1339263,-2.4058208
890.0,1.651335,13.5,26212.0,26212.0,32448.998,18396.24,0.0,-1.3016192,-1.5953102
890.0,1.651335,14.5,19512.0,19512.0,45584.24,13852.161,0.0,-1.0887634,2.0411863
890.0,1.651335,15.5,13469.0,13469.0,7976.5005,17335.258,0.0,-1.5916232,1.8030294
890.0,1.651335,16.5,8317.0,8317.0,14356.007,6720.775,0.0,-0.508457,1.0104182
890.0,1.651335,17.5,5784.0,5784.0,16837.59,3439.309,0.0,-0.7957965,-1.5494357
890.0,1.651335,18.5,3657.0,3657.0,10492.128,5944.0034,0.0,-1.4129314,-2.6118627
890.0,1.651335,19.5,1731.0,1731.0,6390.2188,7391.1846,0.0,-1.881073,-2.396039
890.0,1.651335,20.5,824.0,824.0,635.3767,1463.8936,0.0,0.02992863,-1.1116334
890.0,1.651335,21.5,450.0,450.0,899.97,856.119,0.0,-0.88938534,-1.9615345
892.0,1.6221933,0.5,0.0,0.0,0.0,0.0,0.0,0.0,0.0
892.0,1.6221933,1.5,6554.0,6554.0,6692.913,2462.1548,0.0,-2.981041,0.061798107
892.0,1.6221933,2.5,7678.0,7678.0,13154.333,5512.7446,0.0,-3.1182148,0.79575354
892.0,1.6221933,3.5,9678.0,9678.0,8480.511,10364.146,0.0,-2.7758946,1.14799
892.0,1.6221933,4.5,10511.0,10511.0,8314.743,7000.518,0.0,-2.2302914,2.5616758
892.0,1.6221933,5.5,16138.0,16138.0,23133.402,9412.032,0.0,-2.5353155,-2.086031
892.0,1.6221933,6.5,18566.0,18566.0,27283.754,6581.637,0.0,-2.676958,-0.19395015
892.0,1.6221933,7.5,20541.0,20541.0,22654.018,19965.314,0.0,-2.369529,0.6616651
892.0,1.6221933,8.5,26154.0,26154.0,20959.074,20000.367,0.0,-2.9083169,0.18831268
892.0,1.6221933,9.5,31286.0,31286.0,27048.021,34315.293,0.0,0.42824596,1.9018174
892.0,1.6221933,10.5,36272.0,36272.0,34007.61,46560.94,0.0,0.21541442,2.602974
892.0,1.6221933,11.5,36196.0,36196.0,48550.133,27857.479,0.0,0.14521688,-3.1115866
892.0,1.6221933,12.5,31523.0,31523.0,36521.074,17150.31,0.0,-0.4571702,2.931902
892.0,1.6221933,13.5,25596.0,25596.0,36903.793,16409.37,0.0,-0.7468022,-2.730292
892.0,1.6221933,14.5,19280.0,19280.0,38505.637,5786.77,0.0,-1.0349983,-0.32934594
892.0,1.6221933,15.5,12801.0,12801.0,16188.771,10570.906,0.0,-0.79249245,0.32565156
892.0,1.6221933,16.5,8238.0,8238.0,11984.119,9889.893,0.0,-0.1240491,1.0207258
892.0,1.6221933,17.5,5548.0,5548.0,16057.919,1601.1903,0.0,-0.60033053,0.5853977
892.0,1.6221933,18.5,3291.0,3291.0,9942.738,6160.114,0.0,-1.1041826,-2.0922065
892.0,1.6221933,19.5,1686.0,1686.0,3961.8406,6271.0728,0.0,-1.7819349,-1.9817865
892.0,1.6221933,20.5,818.0,818.0,1580.8864,2669.5725,0.0,-2.147575,-1.7003564
892.0,1.6221933,21.5,435.0,435.0,386.4749,685.6221,0.0,1.77071,2.595656
894.0,1.5913969,0.5,0.0,0.0,0.0,0.0,0.0,0.0,0.0
894.0,1.5913969,1.5,6446.0,6446.0,4292.3057,2068.3364,0.0,2.6726332,2.8492856
894.0,1.5913969,2.5,7687.0,7687.0,15739.241,7352.562,0.0,3.0983126,-0.9931441
894.0,1.5913969,3.5,8763.0,8763.0,18521.19,12368.88,0.0,-3.0111187,-0.09144286
894.0,1.5913969,4.5,10011.0,10011.0,15766.338,9414.474,0.0,-2.7563136,1.1116607
894.0,1.5913969,5.5,16052.0,16052.0,31909.094,11758.54,0.0,-2.5873916,2.7711866
894.0,1.5913969,6.5,18836.0,18836.0,31819.979,16142.782,0.0,-2.7996306,-1.785518
894.0,1.5913969,7.5,20844.0,20844.0,31639.37,10758.17,0.0,-2.9153051,-0.969139
894.0,1.5913969,8.5,24876.0,24876.0,22016.156,17117.457,0.0,-2.885984,-0.011172425
894.0,1.5913969,9.5,30472.0,30472.0,8765.917,17156.082,0.0,1.9458205,1.4364516
894.0,1.5913969,10.5,35998.0,35998.0,23404.969,32698.69,0.0,-0.7818335,1.593644
894.0,1.5913969,11.5,35762.0,35762.0,55551.324,24944.967,0.0,-0.06274016,2.988587
894.0,1.5913969,12.5,31328.0,31328.0,64951.797,10923.045,0.0,-0.37646538,2.6556883
894.0,1.5913969,13.5,24370.0,24370.0,46853.23,23183.906,0.0,-1.0538334,-2.582157
894.0,1.5913969,14.5,18495.0,18495.0,41634.332,20675.959,0.0,-1.1123029,-1.9503838
894.0,1.5913969,15.5,12384.0,12384.0,24837.041,10570.999,0.0,-0.77486366,-1.3967737
894.0,1.5913969,16.5,8040.0,8040.0,11618.282,6412.6333,0.0,-0.40623906,-0.3291236
894.0,1.5913969,17.5,4473.0,4473.0,18348.7,8519.935,0.0,-0.18219772,-0.007134074
894.0,1.5913969,18.5,2917.0,2917.0,9733.832,2251.2905,0.0,-0.7964769,-1.4206558
894.0,1.5913969,19.5,1573.0,1573.0,3066.6602,3992.4722,0.0,-1.1197385,-2.3933184
894.0,1.5913969,20.5,777.0,777.0,2381.961,3481.8894,0.0,-2.707776,-2.4405031
894.0,1.5913969,21.5,407.0,407.0,831.2362,595.18384,0.0,2.5113788,1.3852289
898.0,1.526482,0.5,0.0,0.0,0.0,0.0,0.0,0.0,0.0
898.0,1.526482,1.5,6260.0,6260.0,15191.571,3423.6443,0.0,-2.3014684,1.5509098
898.0,1.526482,2.5,7154.0,7154.0,17210.125,4820.4204,0.0,-2.931003,2.5375972
898.0,1.526482,3.5,8022.0,8022.0,27110.451,10578.295,0.0,-2.7756934,2.9080672
898.0,1.526482,4.5,10370.0,10370.0,25294.982,7904.204,0.0,-2.7730434,-1.898648
898.0,1.526482,5.5,14764.0,14764.0,25656.941,5536.926,0.0,-2.7139103,2.5171099
898.0,1.526482,6.5,16824.0,16824.0,26427.316,6473.558,0.0,-2.5642407,3.0930102
898.0,1.526482,7.5,20006.0,20006.0,20245.01,9366.0625,0.0,2.5109909,-3.0124938
898.0,1.526482,8.5,25472.0,25472.0,22470.605,28703.918,0.0,2.328039,-1.8194417
898.0,1.526482,9.5,29805.0,29805.0,17296.848,34094.824,0.0,0.3615629,0.8687404
898.0,1.526482,10.5,33569.0,33569.0,47325.28,43688.87,0.0,0.2580754,1.4650139
898.0,1.526482,11.5,34799.0,34799.0,23671.982,40017.277,0.0,0.94125277,1.9258189
898.0,1.526482,12.5,31873.0,31873.0,25468.809,59708.21,0.0,-0.63180363,2.2546775
898.0,1.526482,13.5,26133.0,26133.0,31786.457,41562.29,0.0,-0.7873219,2.562806
898.0,1.526482,14.5,18377.0,18377.0,36736.293,26411.236,0.0,-0.9682545,-3.054185
898.0,1.526482,15.5,11778.0,11778.0,26333.135,3809.0603,0.0,-0.9336056,-2.2465725
898.0,1.526482,16.5,6345.0,6345.0,15014.616,3141.8303,0.0,-0.14003497,1.9510058
898.0,1.526482,17.5,4374.0,4374.0,12504.632,4956.087,0.0,-0.5627576,-0.46242693
898.0,1.526482,18.5,2835.0,2835.0,10802.23,5127.785,0.0,-0.5203104,-0.49518672
898.0,1.526482,19.5,1449.0,1449.0,5375.7793,3288.4307,0.0,-0.4557646,-1.0532038
898.0,1.526482,20.5,704.0,704.0,3079.2515,1868.4353,0.0,-0.16274266,-0.19217928
898.0,1.526482,21.5,313.0,313.0,728.17975,900.9711,0.0,-2.5240226,2.1166081
900.0,1.4921852,0.5,0.0,0.0,0.0,0.0,0.0,0.0,0.0
900.0,1.4921852,1.5,6145.0,6145.0,12300.138,1435.8589,0.0,-1.9895638,1.8153503
900.0,1.4921852,2.5,7100.0,7100.0,21172.557,5404.403,0.0,-2.42494,0.74749005
900.0,1.4921852,3.5,7953.0,7953.0,26705.713,11520.411,0.0,-2.706483,1.8698967
900.0,1.4921852,4.5,10287.0,10287.0,28915.98,7976.5615,0.0,-2.8058763,2.0961857
900.0,1.4921852,5.5,15453.0,15453.0,23096.988,10277.338,0.0,-2.4809833,1.857295
900.0,1.4921852,6.5,17219.0,17219.0,33021.023,12892.887,0.0,-2.7468903,2.332096
900.0,1.4921852,7.5,19551.0,19551.0,30938.76,18502.535,0.0,-3.0673113,-2.8676581
900.0,1.4921852,8.5,25680.0,25680.0,33235.562,27603.008,0.0,2.5282574,-2.3172612
900.0,1.4921852,9.5,30170.0,30170.0,9445.467,23444.057,0.0,1.2700962,-0.08188895
900.0,1.4921852,10.5,32610.0,32610.0,52588.484,38853.652,0.0,0.30124518,1.214275
900.0,1.4921852,11.5,34058.0,34058.0,25548.459,18533.096,0.0,0.40010974,0.8634952
900.0,1.4921852,12.5,31636.0,31636.0,17754.629,33927.78,0.0,0.25233802,1.1680541
900.0,1.4921852,13.5,24994.0,24994.0,24940.076,32382.287,0.0,-0.3508963,2.0305529
900.0,1.4921852,14.5,18170.0,18170.0,31274.402,9813.025,0.0,-0.77931446,2.9121044
900.0,1.4921852,15.5,11223.0,11223.0,8771.469,9273.389,0.0,-1.1525799,-1.3616195
900.0,1.4921852,16.5,6123.0,6123.0,19019.62,13968.686,0.0,-0.08386209,0.6954177
900.0,1.4921852,17.5,3818.0,3818.0,7821.314,9842.332,0.0,-0.067865714,0.64343053
900.0,1.4921852,18.5,2249.0,2249.0,6542.29,2526.8772,0.0,-1.1565111,0.3047641
900.0,1.4921852,19.5,1121.0,1121.0,4161.736,3414.7595,0.0,-0.3456225,-1.0695982
900.0,1.4921852,20.5,699.0,699.0,2087.229,1828.8799,0.0,0.15454616,-0.6562182
900.0,1.4921852,21.5,313.0,313.0,847.50214,1013.8814,0.0,-0.3960003,-0.49916926
902.0,1.4740896,0.5,0.0,0.0,0.0,0.0,0.0,0.0,0.0
902.0,1.4740896,1.5,6040.0,6040.0,14004.549,516.1743,0.0,-1.731628,2.3600097
902.0,1.4740896,2.5,7216.0,7216.0,20694.348,3894.75,0.0,-2.2154682,-1.2796885
902.0,1.4740896,3.5,8165.0,8165.0,28819.166,7884.8457,0.0,-2.6525903,1.2196269
902.0,1.4740896,4.5,9784.0,9784.0,25072.514,9259.502,0.0,-2.6267889,1.6588118
902.0,1.4740896,5.5,15114.0,15114.0,34165.555,2746.9705,0.0,-2.406314,1.7025708
902.0,1.4740896,6.5,17666.0,17666.0,33078.34,16505.188,0.0,-2.8219333,1.6749153
902.0,1.4740896,7.5,19027.0,19027.0,26803.566,13195.005,0.0,2.876041,2.3711662
902.0,1.4740896,8.5,24912.0,24912.0,30423.19,22656.564,0.0,2.7920089,-2.6194298
902.0,1.4740896,9.5,29192.0,29192.0,14862.127,11599.305,0.0,1.8241774,0.19806275
902.0,1.4740896,10.5,32751.0,32751.0,40134.69,30154.152,0.0,0.41041306,1.1231439
902.0,1.4740896,11.5,34164.0,34164.0,32869.59,14338.908,0.0,0.36249107,0.5941102
902.0,1.4740896,12.5,30666.0,30666.0,12247.802,10036.332,0.0,-0.21107337,1.0818977
902.0,1.4740896,13.5,24953.0,24953.0,27382.371,12446.077,0.0,-0.29360437,2.109637
902.0,1.4740896,14.5,17477.0,17477.0,42211.06,17174.303,0.0,-0.2664703,0.6933854
902.0,1.4740896,15.5,11105.0,11105.0,8252.584,13115.212,0.0,-1.2678291,-1.9723096
902.0,1.4740896,16.5,6169.0,6169.0,14484.111,8378.43,0.0,-0.086169176,1.0549892
902.0,1.4740896,17.5,3140.0,3140.0,8527.891,7716.238,0.0,0.091941185,0.43376815
902.0,1.4740896,18.5,1429.0,1429.0,3319.9297,2573.4363,0.0,-1.3135276,-0.58193034
902.0,1.4740896,19.5,850.0,850.0,2780.6973,2628.1318,0.0,-0.08866892,-1.1319641
902.0,1.4740896,20.5,574.0,574.0,2515.589,2539.6016,0.0,0.21725164,-0.7785458
902.0,1.4740896,21.5,335.0,335.0,848.5274,1106.5193,0.0,0.07831202,-0.22888236
904.0,1.4378104,0.5,0.0,0.0,0.0,0.0,0.0,0.0,0.0
904.0,1.4378104,1.5,5837.0,5837.0,8539.741,7516.4336,0.0,-0.99498564,-2.8870008
904.0,1.4378104,2.5,6872.0,6872.0,22721.225,4017.544,0.0,-1.8148171,0.9679694
904.0,1.4378104,3.5,8783.0,8783.0,25990.135,8360.314,0.0,-2.1905787,-0.9370113
904.0,1.4378104,4.5,9615.0,9615.0,23677.46,6342.0093,0.0,-2.5917866,0.35481048
904.0,1.4378104,5.5,14182.0,14182.0,32496.486,11099.6875,0.0,-2.3673673,0.2480427
904.0,1.4378104,6.5,17371.0,17371.0,22383.84,7519.483,0.0,-2.569097,0.42743337
904.0,1.4378104,7.5,18973.0,18973.0,20616.012,14008.9795,0.0,-2.8867936,1.8954265
904.0,1.4378104,8.5,23693.0,23693.0,20536.947,18032.613,0.0,2.8165798,2.99353
904.0,1.4378104,9.5,28033.0,28033.0,16860.152,16599.088,0.0,1.9737841,-0.08314163
904.0,1.4378104,10.5,32534.0,32534.0,22498.793,17836.844,0.0,1.3741549,0.79423213
904.0,1.4378104,11.5,33003.0,33003.0,48005.02,10153.448,0.0,0.31059995,0.43045866
904.0,1.4378104,12.5,29206.0,29206.0,29973.928,23916.152,0.0,-0.67797244,2.0059795
904.0,1.4378104,13.5,23711.0,23711.0,29483.41,15142.713,0.0,-0.12207052,3.1060305
904.0,1.4378104,14.5,16302.0,16302.0,34248.074,21432.34,0.0,0.012166658,-1.4131184
904.0,1.4378104,15.5,10217.0,10217.0,9523.074,7485.225,0.0,0.10031017,0.5111458
904.0,1.4378104,16.5,5519.0,5519.0,6477.393,5352.665,0.0,-0.3347782,2.995083
904.0,1.4378104,17.5,2431.0,2431.0,11986.825,6962.827,0.0,-0.15991488,0.37027833
904.0,1.4378104,18.5,1203.0,1203.0,2890.0454,1520.9294,0.0,-0.93497485,-0.20585997
904.0,1.4378104,19.5,769.0,769.0,354.57108,1425.0238,0.0,1.4713429,-1.9676614
904.0,1.4378104,20.5,612.0,612.0,1536.8918,2142.9065,0.0,0.38592702,-1.3130884
904.0,1.4378104,21.5,332.0,332.0,1836.2784,1231.5919,0.0,-1.2225169,-1.3908811
907.0,1.3995345,0.5,0.0,0.0,0.0,0.0,0.0,0.0,0.0
907.0,1.3995345,1.5,5807.0,5807.0,4743.8794,1437.3795,0.0,-0.41921943,-0.7830611
907.0,1.3995345,2.5,6963.0,6963.0,21017.277,4828.3726,0.0,-1.6963917,-1.3293297
907.0,1.3995345,3.5,8797.0,8797.0,28220.672,11558.931,0.0,-2.0070639,-2.3756628
907.0,1.3995345,4.5,9127.0,9127.0,21039.943,12325.345,0.0,-2.218356,-1.3013066
907.0,1.3995345,5.5,13904.0,13904.0,32400.518,13197.705,0.0,-2.5747662,-0.7466437
907.0,1.3995345,6.5,15812.0,15812.0,24566.436,4161.2827,0.0,-2.908115,-1.0318211
907.0,1.3995345,7.5,19072.0,19072.0,39632.234,12998.241,0.0,-2.8298259,1.2553549
907.0,1.3995345,8.5,23280.0,23280.0,23967.994,15489.983,0.0,2.8221076,-2.7786806
907.0,1.3995345,9.5,27289.0,27289.0,19074.701,14865.658,0.0,2.7459316,0.2569979
907.0,1.3995345,10.5,31350.0,31350.0,29185.186,23862.932,0.0,2.3879392,0.4623742
907.0,1.3995345,11.5,33531.0,33531.0,16049.573,20003.645,0.0,0.4809467,0.5467261
907.0,1.3995345,12.5,27708.0,27708.0,15168.241,16246.291,0.0,-0.4081395,0.80557746
907.0,1.3995345,13.5,22015.0,22015.0,36757.535,17033.96,0.0,-0.11267514,1.6069535
907.0,1.3995345,14.5,14933.0,14933.0,43751.395,11231.7705,0.0,0.15139169,-1.533327
907.0,1.3995345,15.5,8965.0,8965.0,21118.65,6039.241,0.0,0.21842422,-0.5350297
907.0,1.3995345,16.5,4705.0,4705.0,12320.251,4116.039,0.0,0.28379744,0.65395105
907.0,1.3995345,17.5,2334.0,2334.0,12223.47,7676.887,0.0,-0.81918097,-0.033326026
907.0,1.3995345,18.5,913.0,913.0,1783.7897,1292.2864,0.0,-0.72052276,0.87498003
907.0,1.3995345,19.5,395.0,395.0,1442.2218,485.19327,0.0,-2.22476,0.24190176
907.0,1.3995345,20.5,252.0,252.0,1558.4023,454.89862,0.0,-1.6880811,-2.2732668
907.0,1.3995345,21.5,216.0,216.0,1522.6053,1221.3514,0.0,-1.511898,-1.5583161
908.0,1.3793948,0.5,0.0,0.0,0.0,0.0,0.0,0.0,0.0
908.0,1.3793948,1.5,5659.0,5659.0,3192.404,1576.8635,0.0,0.24421847,1.4956584
908.0,1.3793948,2.5,6693.0,6693.0,11868.048,4086.6592,0.0,-1.2051444,-2.273099
908.0,1.3793948,3.5,8760.0,8760.0,26976.055,15469.098,0.0,-1.7345276,3.100484
908.0,1.3793948,4.5,9338.0,9338.0,17639.527,7393.0483,0.0,-1.9828309,-1.8198643
908.0,1.3793948,5.5,13928.0,13928.0,23545.695,15079.231,0.0,-2.7084968,-1.5840051
908.0,1.3793948,6.5,16061.0,16061.0,21404.287,6857.5503,0.0,-2.8003004,-0.9904428
908.0,1.3793948,7.5,17797.0,17797.0,38722.34,16146.782,0.0,-3.0846753,0.7439846
908.0,1.3793948,8.5,22694.0,22694.0,18228.21,14152.916,0.0,2.9869363,2.5568666
908.0,1.3793948,9.5,26757.0,26757.0,36199.81,14882.428,0.0,2.471613,0.3203469
908.0,1.3793948,10.5,30490.0,30490.0,43417.598,37684.266,0.0,2.0880213,-0.46741232
908.0,1.3793948,11.5,31928.0,31928.0,36088.36,20431.334,0.0,2.027074,-0.25799763
908.0,1.3793948,12.5,27120.0,27120.0,13470.751,27043.133,0.0,-1.0566231,0.2769217
908.0,1.3793948,13.5,20989.0,20989.0,42169.543,13072.241,0.0,-0.1422664,-0.8044514
908.0,1.3793948,14.5,13572.0,13572.0,46463.402,3349.1067,0.0,-0.056586944,0.13327739
908.0,1.3793948,15.5,8232.0,8232.0,23615.86,6650.101,0.0,0.29101565,-0.56635654
908.0,1.3793948,16.5,4688.0,4688.0,13925.809,5471.459,0.0,-0.19698589,0.2505877
908.0,1.3793948,17.5,2106.0,2106.0,14077.905,7974.8267,0.0,-0.96063006,-0.11042043
908.0,1.3793948,18.5,934.0,934.0,4579.082,2168.8457,0.0,-0.72308475,-0.06185303
908.0,1.3793948,19.5,405.0,405.0,1388.5061,1366.5227,0.0,-1.5162169,-0.50428283
908.0,1.3793948,20.5,230.0,230.0,292.80847,344.2499,0.0,-2.0903513,-1.3777084
908.0,1.3793948,21.5,197.0,197.0,441.0863,771.3154,0.0,-2.3607142,-1.5623673
910.0,1.3389137,0.5,0.0,0.0,0.0,0.0,0.0,0.0,0.0
910.0,1.3389137,1.5,5505.0,5505.0,5804.9937,5297.237,0.0,2.5203404,-2.2151613
910.0,1.3389137,2.5,6742.0,6742.0,6727.7397,1481.2848,0.0,-2.055713,1.5104971
910.0,1.3389137,3.5,8124.0,8124.0,13737.543,8127.9697,0.0,-1.8023695,1.4814582
910.0,1.3389137,4.5,9189.0,9189.0,19533.389,9100.719,0.0,-1.9182719,3.0317419
910.0,1.3389137,5.5,13960.0,13960.0,20763.457,16133.598,0.0,-2.4790936,-2.2323754
910.0,1.3389137,6.5,16229.0,16229.0,28578.781,11479.511,0.0,-2.727904,-2.8172717
910.0,1.3389137,7.5,16437.0,16437.0,28485.672,9796.988,0.0,-2.9166434,2.2758718
910.0,1.3389137,8.5,22222.0,22222.0,26416.955,8119.3276,0.0,-3.0855336,1.4804683
910.0,1.3389137,9.5,25896.0,25896.0,27621.78,2936.3733,0.0,2.2431087,0.23214006
910.0,1.3389137,10.5,29504.0,29504.0,35545.586,27911.904,0.0,1.3634421,-1.2261925
910.0,1.3389137,11.5,30018.0,30018.0,39923.71,39980.926,0.0,1.2954968,-1.685134
910.0,1.3389137,12.5,25607.0,25607.0,12502.304,62235.977,0.0,0.9764499,-1.6691365
910.0,1.3389137,13.5,20040.0,20040.0,23742.512,16020.978,0.0,-0.14475918,-1.7584324
910.0,1.3389137,14.5,14057.0,14057.0,37516.824,9357.303,0.0,-0.117759995,-0.6616949
910.0,1.3389137,15.5,7728.0,7728.0,26520.326,8932.95,0.0,-0.39828286,-0.56892335
910.0,1.3389137,16.5,4542.0,4542.0,16833.094,3441.6611,0.0,-0.2346735,-0.45565552
910.0,1.3389137,17.5,2330.0,2330.0,10863.358,7749.9585,0.0,-1.1003691,-0.49726483
910.0,1.3389137,18.5,1153.0,1153.0,9850.798,2118.8682,0.0,-1.0001233,-1.513888
910.0,1.3389137,19.5,469.0,469.0,1792.3424,995.498,0.0,-1.187992,-2.3723469
910.0,1.3389137,20.5,262.0,262.0,967.86365,587.07935,0.0,-1.7863683,-2.1485724
910.0,1.3389137,21.5,190.0,190.0,1166.9712,408.69397,0.0,-2.0847642,-2.2078328
912.0,1.3186344,0.5,0.0,0.0,0.0,0.0,0.0,0.0,0.0
912.0,1.3186344,1.5,5451.0,5451.0,5500.4287,1839.4907,0.0,2.853893,2.1161182
912.0,1.3186344,2.5,6391.0,6391.0,10057.604,5923.0825,0.0,-2.3992188,0.785581
912.0,1.3186344,3.5,7499.0,7499.0,9667.842,8964.678,0.0,-1.5725186,0.82134366
912.0,1.3186344,4.5,9339.0,9339.0,15588.859,12615.845,0.0,-1.8680502,2.2547824
912.0,1.3186344,5.5,13481.0,13481.0,19791.777,15933.152,0.0,-2.3152225,-3.0751073
912.0,1.3186344,6.5,15905.0,15905.0,27475.86,12314.714,0.0,-2.806775,-2.4340198
912.0,1.3186344,7.5,16850.0,16850.0,33854.766,8920.628,0.0,-2.9558334,1.0986611
912.0,1.3186344,8.5,22332.0,22332.0,31467.908,21109.795,0.0,-3.118921,1.5455707
912.0,1.3186344,9.5,25294.0,25294.0,25065.54,8086.144,0.0,2.1715808,-2.8581219
912.0,1.3186344,10.5,28722.0,28722.0,22564.223,9441.703,0.0,1.7993342,-1.0534811
912.0,1.3186344,11.5,29050.0,29050.0,30878.357,26092.47,0.0,1.0360166,-2.0300245
912.0,1.3186344,12.5,24620.0,24620.0,24962.828,47030.586,0.0,0.8901412,-1.975392
912.0,1.3186344,13.5,18480.0,18480.0,36266.33,24347.01,0.0,0.11173252,-1.9292384
912.0,1.3186344,14.5,13942.0,13942.0,32090.178,16961.281,0.0,-0.27893022,-1.2924496
912.0,1.3186344,15.5,7397.0,7397.0,20040.652,7639.8384,0.0,-0.23304029,-1.133358
912.0,1.3186344,16.5,4204.0,4204.0,13514.51,4525.849,0.0,-0.6231714,-1.2879658
912.0,1.3186344,17.5,2271.0,2271.0,11448.711,2556.6863,0.0,-1.1390549,-1.3235241
912.0,1.3186344,18.5,1241.0,1241.0,9601.93,1129.6345,0.0,-1.3788812,-1.2605946
912.0,1.3186344,19.5,448.0,448.0,4567.761,2291.9597,0.0,-1.0195519,2.4307673
912.0,1.3186344,20.5,210.0,210.0,774.092,1549.53,0.0,0.7714115,2.3318734
912.0,1.3186344,21.5,147.0,147.0,1453.6384,606.8609,0.0,-1.955985,3.022749
915.0,1.2736796,0.5,0.0,0.0,0.0,0.0,0.0,0.0,0.0
915.0,1.2736796,1.5,5337.0,5337.0,5574.2783,2434.9346,0.0,-2.4196682,0.62036914
915.0,1.2736796,2.5,6232.0,6232.0,13414.445,1411.2737,0.0,-2.9974248,2.6860673
915.0,1.2736796,3.5,7261.0,7261.0,6585.5273,3818.166,0.0,-2.233493,0.7220284
915.0,1.2736796,4.5,9113.0,9113.0,10314.103,5049.4116,0.0,-2.185276,0.75406855
915.0,1.2736796,5.5,12972.0,12972.0,20415.682,13152.716,0.0,-2.6660316,1.6195337
915.0,1.2736796,6.5,15149.0,15149.0,29269.576,10428.762,0.0,-2.886195,2.9931576
915.0,1.2736796,7.5,17099.0,17099.0,26297.041,8108.2817,0.0,-3.0882545,-1.3754952
915.0,1.2736796,8.5,21341.0,21341.0,36295.0,18076.078,0.0,-3.0711944,0.029576978
915.0,1.2736796,9.5,24893.0,24893.0,33519.05,4083.057,0.0,2.492342,-2.41831
915.0,1.2736796,10.5,27543.0,27543.0,33624.324,21138.703,0.0,1.8514395,-1.1912007
915.0,1.2736796,11.5,28401.0,28401.0,17459.145,34644.016,0.0,1.4671118,-1.9568847
915.0,1.2736796,12.5,24906.0,24906.0,10898.705,44633.22,0.0,0.080754735,-1.6102183
915.0,1.2736796,13.5,19634.0,19634.0,28384.768,24507.176,0.0,-0.5518403,-2.1267953
915.0,1.2736796,14.5,12849.0,12849.0,29989.998,18830.332,0.0,-0.48621458,2.0843272
915.0,1.2736796,15.5,7526.0,7526.0,19286.57,2225.489,0.0,-0.68793225,0.8045358
915.0,1.2736796,16.5,3794.0,3794.0,6128.7,4280.111,0.0,0.18810587,1.9809505
915.0,1.2736796,17.5,1977.0,1977.0,1450.3511,1097.7325,0.0,-1.395465,-1.1246544
915.0,1.2736796,18.5,1098.0,1098.0,4194.548,1423.7819,0.0,-1.7550045,2.9533744
915.0,1.2736796,19.5,540.0,540.0,7176.8384,5733.3594,0.0,-1.1514872,1.217464
915.0,1.2736796,20.5,220.0,220.0,781.5086,2177.244,0.0,0.48531684,1.8323232
915.0,1.2736796,21.5,119.0,119.0,512.6752,541.23004,0.0,1.2116559,0.71259093
916.0,1.2511076,0.5,0.0,0.0,0.0,0.0,0.0,0.0,0.0
916.0,1.2511076,1.5,5092.0,5092.0,6647.6416,4310.4165,0.0,-2.7589788,-0.37856972
916.0,1.2511076,2.5,6254.0,6254.0,14015.159,5652.252,0.0,-2.746398,-2.6424744
916.0,1.2511076,3.5,6956.0,6956.0,10022.912,3198.7568,0.0,-2.509814,-1.425437
916.0,1.2511076,4.5,9210.0,9210.0,12158.418,3567.2327,0.0,-2.5167074,0.64581406
916.0,1.2511076,5.5,13293.0,13293.0,18476.574,11848.251,0.0,-2.7681732,0.6830448
916.0,1.2511076,6.5,14568.0,14568.0,30948.934,7175.12,0.0,-2.9926276,2.2479298
916.0,1.2511076,7.5,16798.0,16798.0,26988.02,12019.5625,0.0,-2.4861944,-2.6367388
916.0,1.2511076,8.5,20877.0,20877.0,34914.406,3881.351,0.0,3.0574315,-1.3172151
916.0,1.2511076,9.5,25758.0,25758.0,48161.312,17808.273,0.0,2.485919,2.857146
916.0,1.2511076,10.5,27300.0,27300.0,51381.855,26413.2,0.0,2.0662584,-2.2503653
916.0,1.2511076,11.5,27511.0,27511.0,22580.68,39340.84,0.0,1.1504523,-2.217455
916.0,1.2511076,12.5,23619.0,23619.0,24912.896,53429.504,0.0,0.7286798,-1.700865
916.0,1.2511076,13.5,20440.0,20440.0,8292.058,23628.682,0.0,0.26242056,-1.3728095
916.0,1.2511076,14.5,12994.0,12994.0,31772.34,16415.658,0.0,-0.55754364,0.61627686
916.0,1.2511076,15.5,7317.0,7317.0,17668.092,4469.9907,0.0,-0.4538489,0.9883327
916.0,1.2511076,16.5,3501.0,3501.0,7319.159,3142.423,0.0,-0.23892511,1.3352673
916.0,1.2511076,17.5,1628.0,1628.0,2718.9797,3569.3342,0.0,1.7926333,-0.5773828
916.0,1.2511076,18.5,837.0,837.0,3411.3052,2103.603,0.0,-1.0414166,0.603943
916.0,1.2511076,19.5,553.0,553.0,2776.6748,3265.177,0.0,-1.1108884,1.0681071
916.0,1.2511076,20.5,238.0,238.0,2087.755,2797.9229,0.0,-0.3154554,1.0912564
916.0,1.2511076,21.5,106.0,106.0,740.1802,419.85168,0.0,-0.15966941,1.1033139
918.0,1.2284316,0.5,0.0,0.0,0.0,0.0,0.0,0.0,0.0
918.0,1.2284316,1.5,5165.0,5165.0,6884.9175,2879.7798,0.0,-2.4353182,1.750019
918.0,1.2284316,2.5,6078.0,6078.0,13625.163,5006.6064,0.0,-2.6453493,1.5403354
918.0,1.2284316,3.5,7386.0,7386.0,13710.533,6186.4673,0.0,2.9561944,2.6033826
918.0,1.2284316,4.5,8561.0,8561.0,11959.078,7291.9277,0.0,-2.7502618,-1.3178437
918.0,1.2284316,5.5,12938.0,12938.0,21171.416,12823.279,0.0,-2.876164,0.20427516
918.0,1.2284316,6.5,14339.0,14339.0,23071.42,7199.141,0.0,-2.9033153,1.3286138
918.0,1.2284316,7.5,16468.0,16468.0,28657.018,6219.4478,0.0,-2.623649,-2.424158
918.0,1.2284316,8.5,20478.0,20478.0,34716.42,11549.708,0.0,-3.115597,1.6676419
918.0,1.2284316,9.5,25506.0,25506.0,46203.684,17145.486,0.0,2.6996396,2.3103569
918.0,1.2284316,10.5,27950.0,27950.0,57013.24,24259.451,0.0,2.225493,-2.8564525
918.0,1.2284316,11.5,26718.0,26718.0,41144.645,36701.156,0.0,0.9786808,-2.1307507
918.0,1.2284316,12.5,24280.0,24280.0,47237.348,59106.7,0.0,0.39166895,-1.9746466
918.0,1.2284316,13.5,19445.0,19445.0,19063.719,40366.61,0.0,0.2739382,-1.6933177
918.0,1.2284316,14.5,13850.0,13850.0,18413.725,17021.492,0.0,-0.5333256,-0.4880116
918.0,1.2284316,15.5,7153.0,7153.0,14476.485,5274.3916,0.0,-0.5615007,0.7609687
918.0,1.2284316,16.5,3193.0,3193.0,4594.972,2944.6191,0.0,-0.39929795,1.0104239
918.0,1.2284316,17.5,1445.0,1445.0,1538.0275,4253.714,0.0,1.5661206,-0.8177858
918.0,1.2284316,18.5,752.0,752.0,906.9234,1658.3304,0.0,-1.2915939,-0.28650117
918.0,1.2284316,19.5,514.0,514.0,1587.3456,1281.5125,0.0,0.16745366,1.2444105
918.0,1.2284316,20.5,242.0,242.0,2789.3599,2315.2822,0.0,-0.74431854,1.0324093
918.0,1.2284316,21.5,105.0,105.0,1279.7206,347.75162,0.0,-0.2847057,0.5467328
921.0,1.1828926,0.5,0.0,0.0,0.0,0.0,0.0,0.0,0.0
921.0,1.1828926,1.5,4959.0,4959.0,7309.9697,2889.0764,0.0,-1.6479534,-2.748942
921.0,1.1828926,2.5,5883.0,5883.0,8547.361,1485.4913,0.0,-2.286497,-1.5774245
921.0,1.1828926,3.5,7484.0,7484.0,13274.711,2193.7312,0.0,-3.118745,-2.0681372
921.0,1.1828926,4.5,7995.0,7995.0,13766.857,4395.65,0.0,-3.0733633,-2.770411
921.0,1.1828926,5.5,12185.0,12185.0,21728.576,12705.4,0.0,-2.8355157,-1.3483818
921.0,1.1828926,6.5,14703.0,14703.0,28571.014,4631.09,0.0,-2.5255482,0.88988733
921.0,1.1828926,7.5,16410.0,16410.0,35617.54,10327.911,0.0,-2.8525312,-2.7456536
921.0,1.1828926,8.5,19312.0,19312.0,48382.043,1926.5022,0.0,3.09663,1.0468087
921.0,1.1828926,9.5,24291.0,24291.0,38279.207,22615.975,0.0,2.9257982,2.1345234
921.0,1.1828926,10.5,29126.0,29126.0,39506.996,37210.285,0.0,2.8973894,2.7036927
921.0,1.1828926,11.5,27632.0,27632.0,21141.596,28314.742,0.0,1.9118992,-2.8947132
921.0,1.1828926,12.5,23434.0,23434.0,47646.58,60072.02,0.0,0.69641894,-2.4185667
921.0,1.1828926,13.5,19492.0,19492.0,44013.715,37802.062,0.0,0.15654564,-2.6376052
921.0,1.1828926,14.5,12744.0,12744.0,28670.713,17721.285,0.0,0.3691843,-2.701867
921.0,1.1828926,15.5,7423.0,7423.0,8605.106,3821.3826,0.0,-0.7480745,0.57038444
921.0,1.1828926,16.5,3108.0,3108.0,1884.4929,3834.5508,0.0,-1.3775954,-0.105982006
921.0,1.1828926,17.5,1309.0,1309.0,1259.8639,3812.425,0.0,2.0787947,-1.8014646
921.0,1.1828926,18.5,555.0,555.0,1783.9739,510.97888,0.0,1.0047902,3.0915492
921.0,1.1828926,19.5,411.0,411.0,1504.3011,1066.6276,0.0,0.80079764,-3.034103
921.0,1.1828926,20.5,240.0,240.0,1474.2673,190.61151,0.0,-0.68795514,-1.7705888
921.0,1.1828926,21.5,135.0,135.0,1341.0212,857.13605,0.0,-0.4253607,1.088568
922.0,1.1599684,0.5,0.0,0.0,0.0,0.0,0.0,0.0,0.0
922.0,1.1599684,1.5,5139.0,5139.0,10909.194,4052.4988,0.0,-1.7024937,-2.5472357
922.0,1.1599684,2.5,5823.0,5823.0,7626.558,4131.5396,0.0,-2.579629,-2.7403305
922.0,1.1599684,3.5,7714.0,7714.0,19115.328,2829.104,0.0,-2.6153073,-2.0798564
922.0,1.1599684,4.5,7820.0,7820.0,11916.618,5996.131,0.0,3.0234752,-3.100809
922.0,1.1599684,5.5,11992.0,11992.0,22501.06,14416.807,0.0,-2.650355,-1.9937865
922.0,1.1599684,6.5,14456.0,14456.0,25045.271,5376.941,0.0,-2.503225,1.4545501
922.0,1.1599684,7.5,16429.0,16429.0,33021.973,6334.6016,0.0,-2.830219,-2.4248114
922.0,1.1599684,8.5,20008.0,20008.0,39857.676,6139.4194,0.0,3.0256512,-2.5100965
922.0,1.1599684,9.5,24299.0,24299.0,43080.74,22595.89,0.0,2.8167596,1.9201431
922.0,1.1599684,10.5,28045.0,28045.0,37709.13,27779.559,0.0,2.4559927,2.1952872
922.0,1.1599684,11.5,28008.0,28008.0,19659.566,25920.104,0.0,2.5493326,2.367957
922.0,1.1599684,12.5,24175.0,24175.0,36390.676,25901.299,0.0,0.4510279,-2.70572
922.0,1.1599684,13.5,18601.0,18601.0,53634.11,36656.574,0.0,0.19078566,-2.974816
922.0,1.1599684,14.5,13460.0,13460.0,25323.809,24567.8,0.0,0.46241423,2.8353755
922.0,1.1599684,15.5,7283.0,7283.0,10457.572,3876.551,0.0,-0.46469644,1.2301971
922.0,1.1599684,16.5,2924.0,2924.0,3573.0178,3864.0366,0.0,-2.3795912,-0.15314552
922.0,1.1599684,17.5,1224.0,1224.0,1891.2115,2848.1782,0.0,2.2848241,-1.9871843
922.0,1.1599684,18.5,606.0,606.0,2138.7817,2417.1267,0.0,1.0214944,-2.6393473
922.0,1.1599684,19.5,397.0,397.0,2044.3933,1181.538,0.0,0.5376467,2.1549344
922.0,1.1599684,20.5,219.0,219.0,1262.0002,411.87247,0.0,-0.38374862,2.3376312
922.0,1.1599684,21.5,119.0,119.0,1117.8223,819.3964,0.0,-0.66275007,1.2064698
924.0,1.1370031,0.5,0.0,0.0,0.0,0.0,0.0,0.0,0.0
924.0,1.1370031,1.5,4992.0,4992.0,5668.715,5218.3477,0.0,-1.1806059,0.20953874
924.0,1.1370031,2.5,5773.0,5773.0,11236.284,2774.7805,0.0,-2.158759,1.6526169
924.0,1.1370031,3.5,7679.0,7679.0,14989.959,2669.5208,0.0,-2.652238,-2.6491816
924.0,1.1370031,4.5,7794.0,7794.0,15452.227,8474.752,0.0,-2.7813637,2.4969587
924.0,1.1370031,5.5,11691.0,11691.0,25178.484,14753.589,0.0,-2.7017603,-2.6178484
924.0,1.1370031,6.5,13589.0,13589.0,24852.586,3143.4285,0.0,-2.4592893,-2.402766
924.0,1.1370031,7.5,15899.0,15899.0,24476.793,1926.1848,0.0,-2.6595902,2.5830636
924.0,1.1370031,8.5,20599.0,20599.0,33628.457,21544.637,0.0,-2.689446,-2.365121
924.0,1.1370031,9.5,23840.0,23840.0,46072.28,27524.08,0.0,2.9151492,2.0906677
924.0,1.1370031,10.5,27861.0,27861.0,39087.9,28830.92,0.0,2.1971598,1.5498219
924.0,1.1370031,11.5,28652.0,28652.0,25380.293,4220.3413,0.0,2.413286,-2.5581975
924.0,1.1370031,12.5,23919.0,23919.0,32672.51,8270.596,0.0,0.2767105,-2.0929708
924.0,1.1370031,13.5,18537.0,18537.0,57980.43,25227.357,0.0,0.13559832,2.9770756
924.0,1.1370031,14.5,13701.0,13701.0,17137.062,27808.822,0.0,0.8180197,2.1663172
924.0,1.1370031,15.5,7308.0,7308.0,10463.148,5610.388,0.0,-0.39134872,0.8777521
924.0,1.1370031,16.5,2860.0,2860.0,2398.8416,4179.226,0.0,-3.0114188,-0.25991464
924.0,1.1370031,17.5,1223.0,1223.0,1507.9844,2335.3994,0.0,2.0102599,2.4813936
924.0,1.1370031,18.5,617.0,617.0,2541.5098,2736.166,0.0,0.9304576,3.0126088
924.0,1.1370031,19.5,331.0,331.0,2382.3296,1234.9476,0.0,0.62537575,1.6408864
924.0,1.1370031,20.5,245.0,245.0,1032.656,1190.8715,0.0,0.026426703,1.65634
924.0,1.1370031,21.5,114.0,114.0,703.6807,656.8076,0.0,-0.17287485,1.2901938
927.0,1.0885599,0.5,0.0,0.0,0.0,0.0,0.0,0.0,0.0
927.0,1.0885599,1.5,4850.0,4850.0,3804.6692,2685.5754,0.0,-1.0994457,-1.5675578
927.0,1.0885599,2.5,5842.0,5842.0,13530.562,1144.5106,0.0,-1.6910635,0.053430732
927.0,1.0885599,3.5,6874.0,6874.0,20313.094,2993.2827,0.0,-2.1577017,2.990202
927.0,1.0885599,4.5,8159.0,8159.0,18306.498,6076.29,0.0,-2.141395,1.2686145
927.0,1.0885599,5.5,12224.0,12224.0,21592.076,11980.475,0.0,-2.5406096,2.6041355
927.0,1.0885599,6.5,13008.0,13008.0,28045.568,3013.2551,0.0,-2.646908,-1.913325
927.0,1.0885599,7.5,15072.0,15072.0,31996.348,5746.9033,0.0,-3.0010235,1.9081441
927.0,1.0885599,8.5,19817.0,19817.0,45177.484,17352.26,0.0,-3.1397042,-3.0454128
927.0,1.0885599,9.5,23416.0,23416.0,56225.688,11230.738,0.0,-3.1301084,1.7417561
927.0,1.0885599,10.5,27703.0,27703.0,29579.871,19310.39,0.0,2.5588493,0.9872171
927.0,1.0885599,11.5,29722.0,29722.0,23282.695,12911.291,0.0,0.88288665,-0.03562866
927.0,1.0885599,12.5,23769.0,23769.0,12171.756,6489.9756,0.0,0.4093814,2.5713205
927.0,1.0885599,13.5,18709.0,18709.0,36265.11,31489.955,0.0,0.5208966,-3.077788
927.0,1.0885599,14.5,12524.0,12524.0,27744.127,12377.088,0.0,0.2743061,2.2394269
927.0,1.0885599,15.5,7383.0,7383.0,10012.193,18304.008,0.0,0.5283278,1.0712174
927.0,1.0885599,16.5,3307.0,3307.0,6184.258,9207.371,0.0,2.7366757,0.25765923
927.0,1.0885599,17.5,1238.0,1238.0,3527.5632,4154.952,0.0,1.6291066,-0.3021558
927.0,1.0885599,18.5,524.0,524.0,2238.4553,648.6109,0.0,0.9901808,-0.3340169
927.0,1.0885599,19.5,324.0,324.0,2979.7925,1954.6963,0.0,0.23859407,1.3206393
927.0,1.0885599,20.5,205.0,205.0,1352.1979,1055.5288,0.0,0.07324576,1.6924518
927.0,1.0885599,21.5,163.0,163.0,1235.0812,1093.6293,0.0,-0.28689203,0.58300406
929.0,1.0629644,0.5,0.0,0.0,0.0,0.0,0.0,0.0,0.0
929.0,1.0629644,1.5,4600.0,4600.0,4628.8926,3144.2573,0.0,-0.7419529,0.54404217
929.0,1.0629644,2.5,5721.0,5721.0,7569.747,2665.015,0.0,-1.6807287,2.3991845
929.0,1.0629644,3.5,6718.0,6718.0,14058.376,2261.9297,0.0,-2.0467188,-0.6044599
929.0,1.0629644,4.5,7990.0,7990.0,21257.945,8238.502,0.0,-2.2905016,0.8660583
929.0,1.0629644,5.5,11506.0,11506.0,21017.43,12327.017,0.0,-2.3811622,1.7898135
929.0,1.0629644,6.5,13070.0,13070.0,23535.05,1982.9381,0.0,-2.3237872,1.292566
929.0,1.0629644,7.5,14384.0,14384.0,23737.389,12369.927,0.0,-2.5324292,2.1439996
929.0,1.0629644,8.5,18704.0,18704.0,37653.305,15850.632,0.0,-3.079495,3.0393832
929.0,1.0629644,9.5,23125.0,23125.0,46114.504,9341.769,0.0,3.068135,1.8787996
929.0,1.0629644,10.5,27448.0,27448.0,35097.54,16381.813,0.0,2.5730762,1.3055911
929.0,1.0629644,11.5,28164.0,28164.0,32350.1,23023.195,0.0,1.5133258,0.6616288
929.0,1.0629644,12.5,23365.0,23365.0,5327.333,13294.453,0.0,-0.6417453,1.2237767
929.0,1.0629644,13.5,17622.0,17622.0,17497.422,25329.746,0.0,0.22479293,2.7642765
929.0,1.0629644,14.5,12290.0,12290.0,28564.168,16848.156,0.0,0.30369562,2.208655
929.0,1.0629644,15.5,7099.0,7099.0,18607.729,14884.094,0.0,0.7850966,1.3339502
929.0,1.0629644,16.5,3531.0,3531.0,8920.131,6956.523,0.0,1.7806605,-0.020924978
929.0,1.0629644,17.5,1317.0,1317.0,3209.214,4534.2075,0.0,1.6286832,-0.32236338
929.0,1.0629644,18.5,472.0,472.0,1492.605,1699.1942,0.0,0.6222842,-1.5149767
929.0,1.0629644,19.5,303.0,303.0,3307.3442,1415.7776,0.0,0.42564675,1.0891824
929.0,1.0629644,20.5,195.0,195.0,957.7623,685.4678,0.0,-0.38716102,1.9953191
929.0,1.0629644,21.5,173.0,173.0,1875.7316,1435.7278,0.0,-0.39426208,0.7131616
930.0,1.0373334,0.5,0.0,0.0,0.0,0.0,0.0,0.0,0.0
930.0,1.0373334,1.5,4701.0,4701.0,11204.485,1796.0052,0.0,0.57993406,0.67533493
930.0,1.0373334,2.5,5636.0,5636.0,8068.9272,4112.0425,0.0,-1.5991802,1.0048282
930.0,1.0373334,3.5,6237.0,6237.0,15840.157,4587.4326,0.0,-1.9566618,-0.22944391
930.0,1.0373334,4.5,8190.0,8190.0,26234.934,7144.7607,0.0,-2.090658,-0.15474433
930.0,1.0373334,5.5,11116.0,11116.0,30715.088,10495.896,0.0,-2.214458,1.3699822
930.0,1.0373334,6.5,13095.0,13095.0,21785.443,3588.5168,0.0,-2.308722,2.243554
930.0,1.0373334,7.5,14139.0,14139.0,32422.148,14243.4375,0.0,-2.2205906,0.486497
930.0,1.0373334,8.5,17659.0,17659.0,44042.824,2491.709,0.0,-2.7699032,1.5804724
930.0,1.0373334,9.5,22976.0,22976.0,46731.184,13261.788,0.0,-3.007892,1.9993837
930.0,1.0373334,10.5,28157.0,28157.0,61980.82,32230.535,0.0,2.7637799,1.3881613
930.0,1.0373334,11.5,27917.0,27917.0,36475.516,35832.816,0.0,1.6224221,0.24797238
930.0,1.0373334,12.5,21678.0,21678.0,13330.479,15907.008,0.0,1.1016629,0.4769184
930.0,1.0373334,13.5,17524.0,17524.0,9228.304,19384.12,0.0,0.06988716,1.6585888
930.0,1.0373334,14.5,12572.0,12572.0,26252.697,22240.229,0.0,0.32615486,2.0625565
930.0,1.0373334,15.5,7160.0,7160.0,25235.459,15428.722,0.0,0.5001389,1.6003981
930.0,1.0373334,16.5,3500.0,3500.0,8232.734,3412.312,0.0,1.238185,0.19211432
930.0,1.0373334,17.5,1230.0,1230.0,2247.143,1404.462,0.0,0.94506985,-1.3807421
930.0,1.0373334,18.5,542.0,542.0,3873.485,2366.6702,0.0,0.46325588,0.040303834
930.0,1.0373334,19.5,261.0,261.0,1073.4243,442.33923,0.0,0.0706838,-2.9197257
930.0,1.0373334,20.5,197.0,197.0,1569.4956,776.9503,0.0,-0.24364091,1.506218
930.0,1.0373334,21.5,146.0,146.0,1421.0892,1223.5092,0.0,-0.2654307,1.4003284
932.0,1.0116055,0.5,0.0,0.0,0.0,0.0,0.0,0.0,0.0
932.0,1.0116055,1.5,4641.0,4641.0,5733.372,600.0912,0.0,0.9497058,0.95579076
932.0,1.0116055,2.5,5567.0,5567.0,2388.7263,2213.3481,0.0,-1.1342071,-0.55900943
932.0,1.0116055,3.5,6417.0,6417.0,12451.2295,7063.517,0.0,-1.3895669,-0.51244956
932.0,1.0116055,4.5,7998.0,7998.0,15578.167,4110.6025,0.0,-2.2157106,-0.6360538
932.0,1.0116055,5.5,11245.0,11245.0,26033.518,10222.823,0.0,-2.1816068,0.36647716
932.0,1.0116055,6.5,12352.0,12352.0,19720.783,4188.5464,0.0,-2.2909975,-3.0889218
932.0,1.0116055,7.5,14386.0,14386.0,27832.193,5433.1436,0.0,-2.3677409,-1.1609464
932.0,1.0116055,8.5,17615.0,17615.0,53340.34,3797.1064,0.0,-2.6461747,-2.974873
932.0,1.0116055,9.5,22014.0,22014.0,49101.742,13312.822,0.0,-3.1267183,0.627246
932.0,1.0116055,10.5,28001.0,28001.0,64191.08,34007.4,0.0,2.9671183,1.0574865
932.0,1.0116055,11.5,27291.0,27291.0,24624.268,47305.938,0.0,2.1349616,0.26635003
932.0,1.0116055,12.5,22388.0,22388.0,30451.127,30921.018,0.0,1.5424194,0.17305698
932.0,1.0116055,13.5,17100.0,17100.0,13483.777,14955.264,0.0,1.4183065,0.23524174
932.0,1.0116055,14.5,12899.0,12899.0,36395.926,28471.535,0.0,0.23944129,1.649269
932.0,1.0116055,15.5,6881.0,6881.0,25847.469,15920.852,0.0,0.3543539,1.8646873
932.0,1.0116055,16.5,3351.0,3351.0,10336.842,1199.8693,0.0,0.80434513,2.462486
932.0,1.0116055,17.5,1262.0,1262.0,5550.0254,1776.3701,0.0,0.005439361,-0.09520314
932.0,1.0116055,18.5,629.0,629.0,2723.82,1126.7323,0.0,0.51595336,-0.45569012
932.0,1.0116055,19.5,296.0,296.0,1415.6215,166.18561,0.0,-0.2656445,1.3127404
932.0,1.0116055,20.5,163.0,163.0,1095.4777,950.33026,0.0,-0.6585629,1.2121781
932.0,1.0116055,21.5,118.0,118.0,1348.1752,1486.041,0.0,-0.5242148,1.6749064
934.0,0.9857814,0.5,0.0,0.0,0.0,0.0,0.0,0.0,0.0
934.0,0.9857814,1.5,4568.0,4568.0,7717.6143,3724.4983,0.0,1.4170618,2.027401
934.0,0.9857814,2.5,5455.0,5455.0,428.74493,3510.104,0.0,-2.0733566,-2.0060065
934.0,0.9857814,3.5,6508.0,6508.0,10011.845,3459.0173,0.0,-2.0979524,-1.9441323
934.0,0.9857814,4.5,7687.0,7687.0,20026.705,4496.497,0.0,-1.9363089,-1.1391368
934.0,0.9857814,5.5,11746.0,11746.0,30904.666,8777.27,0.0,-1.9389769,-0.8442549
934.0,0.9857814,6.5,11859.0,11859.0,26964.02,1379.1388,0.0,-1.9620289,-2.6978772
934.0,0.9857814,7.5,14303.0,14303.0,28813.365,6000.902,0.0,-1.8921099,-0.55584675
934.0,0.9857814,8.5,17750.0,17750.0,45808.188,3128.2969,0.0,-2.7108963,-1.0613465
934.0,0.9857814,9.5,21245.0,21245.0,53057.76,10727.421,0.0,-2.772312,-0.5516103
934.0,0.9857814,10.5,26040.0,26040.0,71151.79,39555.957,0.0,2.9174118,0.53738165
934.0,0.9857814,11.5,25739.0,25739.0,48401.734,54835.523,0.0,2.6402318,0.33925906
934.0,0.9857814,12.5,22112.0,22112.0,38427.434,38726.66,0.0,1.765779,-0.23231941
934.0,0.9857814,13.5,17711.0,17711.0,29785.635,26329.986,0.0,0.53150684,-0.3561692
934.0,0.9857814,14.5,12284.0,12284.0,39953.574,17686.666,0.0,0.43172225,1.3114959
934.0,0.9857814,15.5,6429.0,6429.0,18743.557,11071.226,0.0,0.48970154,1.8694308
934.0,0.9857814,16.5,2866.0,2866.0,7726.7036,2352.2617,0.0,0.6603316,-0.29284337
934.0,0.9857814,17.5,1102.0,1102.0,2412.1716,4262.54,0.0,0.1976014,-0.6265864
934.0,0.9857814,18.5,599.0,599.0,1769.154,370.2401,0.0,-0.5973075,-0.8319112
934.0,0.9857814,19.5,252.0,252.0,1246.3623,931.0884,0.0,-0.18515469,2.2295313
934.0,0.9857814,20.5,156.0,156.0,1071.9316,554.4274,0.0,-1.2972395,2.0481262
934.0,0.9857814,21.5,92.0,92.0,992.44385,978.1771,0.0,-0.8467167,1.4769795
937.0,0.9338458,0.5,0.0,0.0,0.0,0.0,0.0,0.0,0.0
937.0,0.9338458,1.5,4558.0,4558.0,9855.173,1181.9406,0.0,2.6489081,2.4863799
937.0,0.9338458,2.5,5124.0,5124.0,8098.389,1433.254,0.0,-3.0106463,0.13949996
937.0,0.9338458,3.5,6918.0,6918.0,9788.213,4458.3267,0.0,-1.6114933,2.1399136
937.0,0.9338458,4.5,7178.0,7178.0,16818.736,5718.486,0.0,-1.3351992,-3.005824
937.0,0.9338458,5.5,10934.0,10934.0,24097.97,8283.528,0.0,-1.8018957,-1.5051267
937.0,0.9338458,6.5,12609.0,12609.0,28936.406,3602.88,0.0,-1.8835502,-1.8795387
937.0,0.9338458,7.5,13814.0,13814.0,23168.285,7523.6313,0.0,-2.0796595,-1.9244989
937.0,0.9338458,8.5,17751.0,17751.0,34489.945,8842.909,0.0,-2.280316,-2.002761
937.0,0.9338458,9.5,20513.0,20513.0,50201.7,20569.166,0.0,-2.6474314,-1.3718599
937.0,0.9338458,10.5,24863.0,24863.0,44077.086,34823.797,0.0,-2.8492253,-0.9812075
937.0,0.9338458,11.5,26005.0,26005.0,41361.8,45115.227,0.0,2.6072233,-0.052274723
937.0,0.9338458,12.5,21513.0,21513.0,22711.375,40977.99,0.0,1.4961972,-0.48147652
937.0,0.9338458,13.5,16428.0,16428.0,32425.016,24385.725,0.0,0.7389756,-0.6440577
937.0,0.9338458,14.5,12089.0,12089.0,30011.346,6301.4624,0.0,0.36079404,-2.2348332
937.0,0.9338458,15.5,6218.0,6218.0,21183.688,4915.057,0.0,0.07607333,-2.7085838
937.0,0.9338458,16.5,2488.0,2488.0,8423.913,5285.8774,0.0,0.4705714,-2.6057467
937.0,0.9338458,17.5,1058.0,1058.0,1978.6749,1068.2618,0.0,-1.544469,-0.14883891
937.0,0.9338458,18.5,597.0,597.0,1692.6847,1935.186,0.0,-2.2284403,-0.41190556
937.0,0.9338458,19.5,247.0,247.0,331.2649,1300.2642,0.0,1.5288235,-1.772631
937.0,0.9338458,20.5,140.0,140.0,385.17462,677.55023,0.0,0.6233471,-2.7316792
937.0,0.9338458,21.5,106.0,106.0,617.4763,595.5954,0.0,-0.2845997,1.905049
939.0,0.9076743,0.5,0.0,0.0,0.0,0.0,0.0,0.0,0.0
939.0,0.9076743,1.5,4553.0,4553.0,14506.946,1417.5449,0.0,-3.0817168,-1.8140613
939.0,0.9076743,2.5,5136.0,5136.0,10603.338,5605.2036,0.0,-3.0906668,-1.0422007
939.0,0.9076743,3.5,6818.0,6818.0,11864.459,3927.6445,0.0,-1.9966856,1.0561156
939.0,0.9076743,4.5,7128.0,7128.0,13894.603,9507.442,0.0,-1.2682965,2.6242585
939.0,0.9076743,5.5,10799.0,10799.0,25053.752,8244.724,0.0,-1.7892106,-2.6005776
939.0,0.9076743,6.5,12324.0,12324.0,32115.473,434.29605,0.0,-1.7391952,-0.9532772
939.0,0.9076743,7.5,13546.0,13546.0,27845.092,4131.385,0.0,-1.8130531,-1.7257034
939.0,0.9076743,8.5,17524.0,17524.0,48589.125,13441.045,0.0,-2.1516109,-1.1569904
939.0,0.9076743,9.5,20901.0,20901.0,50023.445,31532.383,0.0,-2.432415,-1.888407
939.0,0.9076743,10.5,24408.0,24408.0,59988.402,41640.965,0.0,-2.6935933,-1.4916713
939.0,0.9076743,11.5,26321.0,26321.0,37072.863,32039.328,0.0,3.0510194,-0.670583
939.0,0.9076743,12.5,21638.0,21638.0,40391.37,36780.77,0.0,1.4861764,-0.54559445
939.0,0.9076743,13.5,15804.0,15804.0,32976.85,22074.11,0.0,0.98992985,-1.0010613
939.0,0.9076743,14.5,11754.0,11754.0,25617.172,6146.13,0.0,0.25795048,-2.3532715
939.0,0.9076743,15.5,6571.0,6571.0,21151.584,10542.838,0.0,-0.18877028,3.109765
939.0,0.9076743,16.5,2579.0,2579.0,7228.0405,4236.3945,0.0,-0.2287923,-2.6666458
939.0,0.9076743,17.5,1057.0,1057.0,1109.4565,1908.3494,0.0,-0.4530803,-2.1875381
939.0,0.9076743,18.5,431.0,431.0,1499.3969,839.81494,0.0,2.878318,-1.3830183
939.0,0.9076743,19.5,276.0,276.0,756.97174,984.2113,0.0,2.0946794,-2.0420527
939.0,0.9076743,20.5,194.0,194.0,1613.6523,1685.1958,0.0,1.5793233,-2.3602934
939.0,0.9076743,21.5,81.0,81.0,637.2989,230.03679,0.0,-1.2549756,0.5661456
941.0,0.88146895,0.5,0.0,0.0,0.0,0.0,0.0,0.0,0.0
941.0,0.88146895,1.5,4410.0,4410.0,14816.595,898.9405,0.0,-2.646317,-2.1655002
941.0,0.88146895,2.5,5093.0,5093.0,9532.462,4526.362,0.0,-2.6456673,-1.5687308
941.0,0.88146895,3.5,6663.0,6663.0,5448.0283,3806.5435,0.0,-2.130981,-0.42405188
941.0,0.88146895,4.5,7100.0,7100.0,17294.04,4085.6042,0.0,-1.2250279,2.4075766
941.0,0.88146895,5.5,10931.0,10931.0,16410.709,7375.0576,0.0,-1.5409865,2.8077948
941.0,0.88146895,6.5,11189.0,11189.0,22733.535,1698.053,0.0,-1.9956847,1.7753167
941.0,0.88146895,7.5,13427.0,13427.0,39583.48,11925.282,0.0,-1.9452933,-1.4060719
941.0,0.88146895,8.5,17245.0,17245.0,42866.656,7702.401,0.0,-2.0835595,-1.2615513
941.0,0.88146895,9.5,21520.0,21520.0,56660.14,32737.238,0.0,-2.3337045,-2.1640165
941.0,0.88146895,10.5,24473.0,24473.0,64900.723,51705.668,0.0,-2.7956724,-2.149942
941.0,0.88146895,11.5,25562.0,25562.0,36118.133,20220.23,0.0,2.92785,-1.2865553
941.0,0.88146895,12.5,20976.0,20976.0,26527.926,29930.799,0.0,1.6178671,-0.93134445
941.0,0.88146895,13.5,15571.0,15571.0,38665.016,32122.393,0.0,1.0490416,-1.0415692
941.0,0.88146895,14.5,11385.0,11385.0,19604.723,2144.207,0.0,0.55421305,1.4888703
941.0,0.88146895,15.5,6690.0,6690.0,18226.463,12218.549,0.0,-0.56393766,-3.024217
941.0,0.88146895,16.5,2787.0,2787.0,7827.0215,6455.3394,0.0,-0.641412,-2.766817
941.0,0.88146895,17.5,964.0,964.0,1321.7043,2658.7395,0.0,0.16798647,3.1149154
941.0,0.88146895,18.5,407.0,407.0,1609.7856,1081.827,0.0,2.1973205,-2.2622483
941.0,0.88146895,19.5,257.0,257.0,503.87982,361.083,0.0,1.0532016,2.697933
941.0,0.88146895,20.5,146.0,146.0,854.8125,1398.3881,0.0,1.2750916,-2.9009318
941.0,0.88146895,21.5,102.0,102.0,571.1219,635.3349,0.0,2.0769472,-2.0415797
942.0,0.8524983,0.5,0.0,0.0,0.0,0.0,0.0,0.0,0.0
942.0,0.8524983,1.5,4347.0,4347.0,14352.05,1926.9485,0.0,-2.068819,-0.5266432
942.0,0.8524983,2.5,5001.0,5001.0,11818.452,2587.8828,0.0,-2.8166623,-2.2803478
942.0,0.8524983,3.5,6266.0,6266.0,5418.795,5315.3486,0.0,3.0180812,-1.4040062
942.0,0.8524983,4.5,7413.0,7413.0,10274.391,3875.3806,0.0,-1.4039133,0.23231672
942.0,0.8524983,5.5,10973.0,10973.0,18439.621,8790.669,0.0,-1.3948337,2.302732
942.0,0.8524983,6.5,10979.0,10979.0,19905.73,2271.5173,0.0,-1.7328265,-2.8182626
942.0,0.8524983,7.5,13014.0,13014.0,22391.305,12276.01,0.0,-2.1517384,-2.6278415
942.0,0.8524983,8.5,16842.0,16842.0,40632.625,9529.598,0.0,-1.8102843,-1.0475763
942.0,0.8524983,9.5,21002.0,21002.0,50560.562,26511.367,0.0,-2.2413504,-2.1375072
942.0,0.8524983,10.5,25215.0,25215.0,50754.09,47784.945,0.0,-3.0298374,-2.681811
942.0,0.8524983,11.5,25778.0,25778.0,35903.207,35730.242,0.0,2.8515115,-2.5269756
942.0,0.8524983,12.5,20389.0,20389.0,21897.648,20823.352,0.0,1.8339522,-1.576028
942.0,0.8524983,13.5,15227.0,15227.0,34112.074,28591.438,0.0,1.1095531,-1.2025664
942.0,0.8524983,14.5,10713.0,10713.0,18673.566,17000.176,0.0,0.81349266,-1.5889373
942.0,0.8524983,15.5,6682.0,6682.0,14438.272,11906.944,0.0,-0.60124797,-3.0413516
942.0,0.8524983,16.5,2741.0,2741.0,12495.007,9070.58,0.0,-0.84021854,2.8983998
942.0,0.8524983,17.5,936.0,936.0,2243.2268,1805.1472,0.0,-0.56478703,-2.651589
942.0,0.8524983,18.5,409.0,409.0,780.2758,3021.1545,0.0,1.0589669,2.7173178
942.0,0.8524983,19.5,217.0,217.0,539.58813,383.9037,0.0,2.2461202,-3.0010567
942.0,0.8524983,20.5,141.0,141.0,479.3143,391.3582,0.0,2.6805031,-1.7318276
942.0,0.8524983,21.5,91.0,91.0,725.813,731.3188,0.0,1.7423669,-2.6229482
944.0,0.82337886,0.5,0.0,0.0,0.0,0.0,0.0,0.0,0.0
944.0,0.82337886,1.5,4228.0,4228.0,9037.581,2607.9775,0.0,-1.4181868,0.686119
944.0,0.82337886,2.5,4841.0,4841.0,10636.267,578.2172,0.0,-2.461267,-0.19033813
944.0,0.82337886,3.5,5914.0,5914.0,7762.8213,1184.5673,0.0,-2.5744483,-0.36193892
944.0,0.82337886,4.5,7387.0,7387.0,2362.6565,4172.352,0.0,-1.3082588,0.024774162
944.0,0.82337886,5.5,10861.0,10861.0,16480.004,10313.872,0.0,-1.0572859,2.0442991
944.0,0.82337886,6.5,11240.0,11240.0,19780.498,5651.195,0.0,-1.5088484,1.6288874
944.0,0.82337886,7.5,12822.0,12822.0,18156.404,3435.8704,0.0,-1.520799,-3.0262425
944.0,0.82337886,8.5,16006.0,16006.0,39994.89,5502.2524,0.0,-1.6502861,-2.6799788
944.0,0.82337886,9.5,20602.0,20602.0,54870.395,16923.56,0.0,-1.907492,-2.1913192
944.0,0.82337886,10.5,24528.0,24528.0,45579.387,40462.176,0.0,-2.7670832,-2.9311597
944.0,0.82337886,11.5,26271.0,26271.0,47131.72,54093.07,0.0,2.7563772,-2.8394732
944.0,0.82337886,12.5,20871.0,20871.0,25440.428,17487.146,0.0,1.7747071,-2.3463006
944.0,0.82337886,13.5,15057.0,15057.0,31869.756,16097.394,0.0,1.5983468,-0.976781
944.0,0.82337886,14.5,9942.0,9942.0,16999.826,23243.186,0.0,0.6021172,-1.9682844
944.0,0.82337886,15.5,6364.0,6364.0,16874.453,16279.256,0.0,-0.41740084,-3.0649807
944.0,0.82337886,16.5,2713.0,2713.0,9049.783,8405.073,0.0,-1.0071809,2.9756496
944.0,0.82337886,17.5,786.0,786.0,3254.9497,3042.0903,0.0,-0.8499778,2.9658327
944.0,0.82337886,18.5,457.0,457.0,1028.5303,2528.2454,0.0,1.5945829,2.1375613
944.0,0.82337886,19.5,220.0,220.0,1372.9962,397.31723,0.0,2.7586608,0.2514324
944.0,0.82337886,20.5,128.0,128.0,449.74213,169.58948,0.0,2.2312508,-2.064602
944.0,0.82337886,21.5,82.0,82.0,879.7723,750.78577,0.0,2.0462403,-2.0743947
946.0,0.7941719,0.5,0.0,0.0,0.0,0.0,0.0,0.0,0.0
946.0,0.7941719,1.5,4232.0,4232.0,7775.2905,5524.2686,0.0,-0.56116843,1.9147483
946.0,0.7941719,2.5,4707.0,4707.0,8939.156,5668.177,0.0,-1.904039,0.48360887
946.0,0.7941719,3.5,5648.0,5648.0,5712.5312,1759.3842,0.0,-2.7740898,2.5654738
946.0,0.7941719,4.5,7051.0,7051.0,1357.9119,654.13055,0.0,1.2274389,0.67617524
946.0,0.7941719,5.5,10537.0,10537.0,7848.396,2726.1047,0.0,-1.3120213,0.835543
946.0,0.7941719,6.5,11539.0,11539.0,17289.898,2609.4116,0.0,-1.3536159,2.3650818
946.0,0.7941719,7.5,12739.0,12739.0,28562.668,5655.836,0.0,-1.5192916,1.9244015
946.0,0.7941719,8.5,15883.0,15883.0,39517.35,10020.619,0.0,-1.7205,2.0792732
946.0,0.7941719,9.5,19592.0,19592.0,50007.04,13042.722,0.0,-1.96355,-2.9023929
946.0,0.7941719,10.5,24442.0,24442.0,49726.305,46142.957,0.0,-2.485161,-2.7407541
946.0,0.7941719,11.5,25400.0,25400.0,39844.492,61362.33,0.0,2.7080793,3.0416458
946.0,0.7941719,12.5,20973.0,20973.0,23876.012,15070.181,0.0,1.8389677,3.042873
946.0,0.7941719,13.5,14742.0,14742.0,16149.538,12555.689,0.0,1.3051596,-0.4609286
946.0,0.7941719,14.5,10373.0,10373.0,18517.598,23492.193,0.0,0.5555615,-2.1056042
946.0,0.7941719,15.5,6191.0,6191.0,15737.391,23106.156,0.0,-0.07277698,-2.9652991
946.0,0.7941719,16.5,2564.0,2564.0,7941.359,11180.99,0.0,-1.1558435,2.9448934
946.0,0.7941719,17.5,827.0,827.0,2462.8271,2207.177,0.0,-1.3325748,1.7886242
946.0,0.7941719,18.5,333.0,333.0,979.2982,1482.6533,0.0,2.0160148,2.2797408
946.0,0.7941719,19.5,228.0,228.0,1578.3917,612.132,0.0,2.6267142,-1.0733895
946.0,0.7941719,20.5,109.0,109.0,500.86188,86.052414,0.0,2.267325,-0.7245455
946.0,0.7941719,21.5,72.0,72.0,508.63425,181.1653,0.0,1.6184112,-1.5321826
948.0,0.7648174,0.5,0.0,0.0,0.0,0.0,0.0,0.0,0.0
948.0,0.7648174,1.5,4199.0,4199.0,12274.395,4646.0044,0.0,0.015105758,2.857368
948.0,0.7648174,2.5,4587.0,4587.0,4863.1753,2984.9988,0.0,-1.4362729,1.4438479
948.0,0.7648174,3.5,5741.0,5741.0,10415.882,3882.6687,0.0,-2.943536,0.5317093
948.0,0.7648174,4.5,7056.0,7056.0,3657.1064,5113.436,0.0,-2.7626488,-1.7637453
948.0,0.7648174,5.5,10244.0,10244.0,1222.993,7414.7915,0.0,-0.6445422,0.35033026
948.0,0.7648174,6.5,11361.0,11361.0,11257.608,12536.975,0.0,-0.7953176,1.4889905
948.0,0.7648174,7.5,12831.0,12831.0,15942.525,12081.519,0.0,-1.8987001,1.9493084
948.0,0.7648174,8.5,16173.0,16173.0,35262.805,8154.3516,0.0,-1.6834693,1.9447594
948.0,0.7648174,9.5,19152.0,19152.0,43319.113,12876.586,0.0,-1.8383771,1.90343
948.0,0.7648174,10.5,24248.0,24248.0,45334.113,37664.598,0.0,-2.191871,3.0664568
948.0,0.7648174,11.5,24847.0,24847.0,39439.965,54272.566,0.0,2.963901,2.9587612
948.0,0.7648174,12.5,19618.0,19618.0,21324.305,25168.844,0.0,2.6116405,2.7650883
948.0,0.7648174,13.5,15274.0,15274.0,15706.17,10349.296,0.0,0.47876886,-1.2145671
948.0,0.7648174,14.5,10729.0,10729.0,25354.332,21218.348,0.0,0.9357585,-2.4656477
948.0,0.7648174,15.5,6355.0,6355.0,16707.678,28667.627,0.0,0.22604787,-3.0218744
948.0,0.7648174,16.5,2804.0,2804.0,8228.875,10523.451,0.0,-1.1000144,2.4174597
948.0,0.7648174,17.5,818.0,818.0,2753.6672,1959.7892,0.0,-1.6856681,1.623794
948.0,0.7648174,18.5,272.0,272.0,567.2967,466.3342,0.0,2.9556284,1.417486
948.0,0.7648174,19.5,214.0,214.0,1575.6614,845.4648,0.0,2.37394,-2.3028116
948.0,0.7648174,20.5,120.0,120.0,640.8749,300.18713,0.0,2.2512085,-0.7163124
948.0,0.7648174,21.5,70.0,70.0,726.835,399.7127,0.0,2.2224798,-1.2498395
950.0,0.735316,0.5,0.0,0.0,0.0,0.0,0.0,0.0,0.0
950.0,0.735316,1.5,4186.0,4186.0,13654.573,7893.404,0.0,1.0220915,2.8487163
950.0,0.735316,2.5,4442.0,4442.0,4256.8994,3698.642,0.0,-0.24480267,1.7328297
950.0,0.735316,3.5,5921.0,5921.0,7521.596,2333.994,0.0,3.0989416,-2.9102633
950.0,0.735316,4.5,7082.0,7082.0,7339.219,3805.3623,0.0,-2.8082836,-1.341769
950.0,0.735316,5.5,10141.0,10141.0,3105.7617,2230.5852,0.0,-2.4641156,-1.9185437
950.0,0.735316,6.5,10843.0,10843.0,8738.295,7376.3276,0.0,-1.1453419,1.104188
950.0,0.735316,7.5,12694.0,12694.0,19024.47,12245.48,0.0,-0.98442596,1.2141321
950.0,0.735316,8.5,16091.0,16091.0,32299.174,3707.211,0.0,-1.1660482,0.65619
950.0,0.735316,9.5,19180.0,19180.0,39432.688,17877.158,0.0,-1.5878136,1.37923
950.0,0.735316,10.5,23817.0,23817.0,57009.89,33196.516,0.0,-2.3038168,3.021877
950.0,0.735316,11.5,24510.0,24510.0,40147.195,59329.77,0.0,-2.9740794,2.8923976
950.0,0.735316,12.5,18858.0,18858.0,24196.61,42731.414,0.0,2.5520494,2.6371052
950.0,0.735316,13.5,14940.0,14940.0,11057.044,12326.678,0.0,0.6982129,2.4747443
950.0,0.735316,14.5,11109.0,11109.0,26555.973,18779.13,0.0,0.68935424,-2.75414
950.0,0.735316,15.5,6072.0,6072.0,14107.355,8622.875,0.0,0.5890665,3.0132256
950.0,0.735316,16.5,3043.0,3043.0,6735.7915,9440.089,0.0,-1.2101035,2.2905867
950.0,0.735316,17.5,849.0,849.0,2614.6152,2464.302,0.0,-1.1610925,1.8158711
950.0,0.735316,18.5,297.0,297.0,1423.8405,1238.5983,0.0,1.5706459,3.056404
950.0,0.735316,19.5,192.0,192.0,1934.694,976.8903,0.0,1.7290772,-2.7361686
950.0,0.735316,20.5,122.0,122.0,539.7495,519.85187,0.0,1.9274955,-0.27140749
950.0,0.735316,21.5,85.0,85.0,746.8211,321.75354,0.0,2.5941434,-2.2503936
952.0,0.70572865,0.5,0.0,0.0,0.0,0.0,0.0,0.0,0.0
952.0,0.70572865,1.5,4021.0,4021.0,9649.048,4233.184,0.0,1.5398186,-2.4511228
952.0,0.70572865,2.5,4379.0,4379.0,1935.0664,2244.7615,0.0,0.9122849,-2.5917683
952.0,0.70572865,3.5,5932.0,5932.0,7686.3564,3075.8628,0.0,-3.0084524,2.5553687
952.0,0.70572865,4.5,6707.0,6707.0,11011.562,3345.73,0.0,2.9832976,0.5702738
952.0,0.70572865,5.5,9941.0,9941.0,10468.629,5738.057,0.0,2.2465854,-1.3566312
952.0,0.70572865,6.5,10487.0,10487.0,15310.954,2557.439,0.0,-1.5175016,-0.07999276
952.0,0.70572865,7.5,12282.0,12282.0,25019.834,12639.928,0.0,-1.1270353,1.3263874
952.0,0.70572865,8.5,15871.0,15871.0,34998.176,10994.441,0.0,-1.0843964,1.8463217
952.0,0.70572865,9.5,19832.0,19832.0,46900.402,29690.615,0.0,-1.3655572,1.3212584
952.0,0.70572865,10.5,23342.0,23342.0,46074.855,24989.295,0.0,-2.0336442,2.0390055
952.0,0.70572865,11.5,24267.0,24267.0,43137.684,57016.23,0.0,-2.8900332,2.5471888
952.0,0.70572865,12.5,18673.0,18673.0,25685.87,56717.133,0.0,2.7606328,2.3221402
952.0,0.70572865,13.5,14082.0,14082.0,8552.063,28569.082,0.0,1.7838668,2.152698
952.0,0.70572865,14.5,11077.0,11077.0,12157.475,12073.673,0.0,1.1202286,-3.017101
952.0,0.70572865,15.5,5482.0,5482.0,18229.344,5463.1396,0.0,1.0479654,-2.3197274
952.0,0.70572865,16.5,2712.0,2712.0,4184.662,3311.1758,0.0,0.2758306,2.4283953
952.0,0.70572865,17.5,912.0,912.0,1281.6862,2533.0964,0.0,0.13636443,2.3322554
952.0,0.70572865,18.5,365.0,365.0,2968.136,1850.5513,0.0,0.9833888,2.943815
952.0,0.70572865,19.5,147.0,147.0,730.3978,647.8938,0.0,1.6442453,-2.1331887
952.0,0.70572865,20.5,96.0,96.0,494.95227,156.40242,0.0,1.8628882,-1.4919173
952.0,0.70572865,21.5,98.0,98.0,1268.3206,820.7996,0.0,1.8043706,-2.3879194
954.0,0.6759956,0.5,0.0,0.0,0.0,0.0,0.0,0.0,0.0
954.0,0.6759956,1.5,4005.0,4005.0,10545.157,6603.649,0.0,2.647892,-1.553877
954.0,0.6759956,2.5,4206.0,4206.0,5798.824,3829.226,0.0,1.8490778,1.4129388
954.0,0.6759956,3.5,6196.0,6196.0,8132.415,2206.6987,0.0,-2.3893168,2.2392888
954.0,0.6759956,4.5,6409.0,6409.0,12810.567,2974.6145,0.0,-2.8284535,-2.5309455
954.0,0.6759956,5.5,9312.0,9312.0,11227.598,4046.5923,0.0,2.8041787,0.4152064
954.0,0.6759956,6.5,10917.0,10917.0,3825.2646,4188.508,0.0,-1.4482024,0.0957038
954.0,0.6759956,7.5,12144.0,12144.0,20396.965,12160.936,0.0,-1.4689021,0.4052308
954.0,0.6759956,8.5,15557.0,15557.0,38401.723,14381.633,0.0,-1.0212848,1.1979382
954.0,0.6759956,9.5,19082.0,19082.0,48975.57,34524.38,0.0,-1.1649504,1.0279572
954.0,0.6759956,10.5,22653.0,22653.0,53602.496,24627.074,0.0,-1.7424948,1.255676
954.0,0.6759956,11.5,23439.0,23439.0,37919.965,44558.336,0.0,-2.4564762,1.8729179
954.0,0.6759956,12.5,18378.0,18378.0,32377.072,44311.242,0.0,2.4792547,1.8159336
954.0,0.6759956,13.5,14409.0,14409.0,27573.867,27567.604,0.0,2.114113,1.7555014
954.0,0.6759956,14.5,10828.0,10828.0,11537.099,12785.757,0.0,1.0951049,1.9506197
954.0,0.6759956,15.5,5443.0,5443.0,11250.904,7216.555,0.0,0.5821077,-2.906888
954.0,0.6759956,16.5,2211.0,2211.0,6910.106,4727.749,0.0,0.5413509,-3.0512888
954.0,0.6759956,17.5,909.0,909.0,1056.9045,2393.6794,0.0,0.63395077,1.997991
954.0,0.6759956,18.5,368.0,368.0,2332.8408,1844.7639,0.0,1.2791915,3.1022122
954.0,0.6759956,19.5,189.0,189.0,617.5863,704.0766,0.0,1.7084968,2.7982254
954.0,0.6759956,20.5,79.0,79.0,328.9096,153.38806,0.0,2.4413018,-2.7287948
954.0,0.6759956,21.5,57.0,57.0,488.95648,182.16122,0.0,2.5700765,-1.527535
956.0,0.6461174,0.5,0.0,0.0,0.0,0.0,0.0,0.0,0.0
956.0,0.6461174,1.5,3936.0,3936.0,17093.367,7660.446,0.0,3.0072663,-0.48810953
956.0,0.6461174,2.5,4382.0,4382.0,6727.1416,1602.254,0.0,2.7922008,-0.6956936
956.0,0.6461174,3.5,5777.0,5777.0,9101.729,3959.0457,0.0,-2.420123,0.2075066
956.0,0.6461174,4.5,6494.0,6494.0,11059.479,6053.5957,0.0,-2.677735,1.849309
956.0,0.6461174,5.5,9238.0,9238.0,12437.271,5387.8325,0.0,-2.8739522,-1.9589702
956.0,0.6461174,6.5,10732.0,10732.0,5653.0107,10996.953,0.0,-3.0687096,-1.0696254
956.0,0.6461174,7.5,12217.0,12217.0,18659.662,10150.612,0.0,-1.2051492,0.75454
956.0,0.6461174,8.5,15772.0,15772.0,45125.754,22086.102,0.0,-0.7620701,0.7135504
956.0,0.6461174,9.5,18596.0,18596.0,65353.668,38092.184,0.0,-1.239269,0.5345543
956.0,0.6461174,10.5,22062.0,22062.0,48581.902,38251.68,0.0,-1.788995,0.66482884
956.0,0.6461174,11.5,22319.0,22319.0,36410.656,16910.557,0.0,-2.6218,1.6827718
956.0,0.6461174,12.5,19088.0,19088.0,22986.934,28962.13,0.0,2.2352917,1.637028
956.0,0.6461174,13.5,14321.0,14321.0,27005.672,28868.39,0.0,2.0256171,1.5834069
956.0,0.6461174,14.5,10135.0,10135.0,12332.035,8524.716,0.0,1.2946833,1.1818796
956.0,0.6461174,15.5,5524.0,5524.0,12273.26,1550.7571,0.0,0.4670231,-2.667773
956.0,0.6461174,16.5,2265.0,2265.0,5224.0415,5109.7144,0.0,0.6138594,2.4674163
956.0,0.6461174,17.5,916.0,916.0,1875.1282,2118.2803,0.0,0.85788566,2.2664657
956.0,0.6461174,18.5,377.0,377.0,1520.8254,669.35144,0.0,1.3992673,-1.4849099
956.0,0.6461174,19.5,189.0,189.0,457.92365,255.94904,0.0,1.2532206,1.9506332
956.0,0.6461174,20.5,80.0,80.0,263.15527,134.69325,0.0,2.650678,1.7631236
956.0,0.6461174,21.5,25.0,25.0,421.73093,265.99225,0.0,-3.097691,0.427037
958.0,0.6131486,0.5,0.0,0.0,0.0,0.0,0.0,0.0,0.0
958.0,0.6131486,1.5,3997.0,3997.0,17083.332,3457.6138,0.0,-2.9378958,0.37444425
958.0,0.6131486,2.5,4273.0,4273.0,10227.404,1795.0652,0.0,3.1006937,-2.1017847
958.0,0.6131486,3.5,5621.0,5621.0,6883.8926,2670.7722,0.0,-2.183114,-2.3826246
958.0,0.6131486,4.5,6452.0,6452.0,11968.499,942.45483,0.0,-2.2359843,-0.45567122
958.0,0.6131486,5.5,9131.0,9131.0,19376.93,3962.6855,0.0,-2.875921,-2.619762
958.0,0.6131486,6.5,10080.0,10080.0,9043.809,10917.342,0.0,-3.013386,-1.4733918
958.0,0.6131486,7.5,12379.0,12379.0,18048.139,7421.663,0.0,-1.21715,0.10513707
958.0,0.6131486,8.5,16078.0,16078.0,40900.88,10737.198,0.0,-0.9556704,0.06199728
958.0,0.6131486,9.5,19489.0,19489.0,62853.918,33774.4,0.0,-1.1661278,0.107397504
958.0,0.6131486,10.5,21517.0,21517.0,59010.16,42598.64,0.0,-1.4702586,-0.025223907
958.0,0.6131486,11.5,22418.0,22418.0,11884.816,28155.871,0.0,-2.3874288,0.4450974
958.0,0.6131486,12.5,18269.0,18269.0,32717.555,33247.27,0.0,2.2945085,1.2740754
958.0,0.6131486,13.5,13552.0,13552.0,22379.195,30092.893,0.0,2.0600367,1.3136269
958.0,0.6131486,14.5,10054.0,10054.0,12881.99,9642.067,0.0,1.2804298,1.414972
958.0,0.6131486,15.5,5677.0,5677.0,12379.615,2997.6829,0.0,0.15044609,-0.8396851
958.0,0.6131486,16.5,2456.0,2456.0,3096.4932,1212.1354,0.0,0.2827714,2.7042565
958.0,0.6131486,17.5,968.0,968.0,1502.7145,1605.7587,0.0,0.090422645,2.6536212
958.0,0.6131486,18.5,388.0,388.0,1135.1536,654.5394,0.0,1.1888108,-2.7881453
958.0,0.6131486,19.5,177.0,177.0,997.57214,522.7836,0.0,1.3409314,-0.5850779
958.0,0.6131486,20.5,70.0,70.0,209.59741,215.47186,0.0,1.6468239,-0.5092985
958.0,0.6131486,21.5,50.0,50.0,420.9564,79.42122,0.0,2.8328853,0.13650769
961.0,0.5799836,0.5,0.0,0.0,0.0,0.0,0.0,0.0,0.0
961.0,0.5799836,1.5,4002.0,4002.0,12852.016,4570.842,0.0,-2.3633966,0.57636064
961.0,0.5799836,2.5,4283.0,4283.0,10322.592,2164.694,0.0,-2.6852932,-0.27879366
961.0,0.5799836,3.5,5351.0,5351.0,4581.647,3928.864,0.0,-2.7335048,2.7547858
961.0,0.5799836,4.5,6513.0,6513.0,12379.926,2317.6917,0.0,-1.9578441,-2.4311657
961.0,0.5799836,5.5,8859.0,8859.0,18358.096,5330.6855,0.0,-2.5584626,2.6842108
961.0,0.5799836,6.5,10144.0,10144.0,7920.1567,7080.64,0.0,-3.055436,-2.6214955
961.0,0.5799836,7.5,12218.0,12218.0,8374.764,8245.708,0.0,-1.3795971,-1.3967383
961.0,0.5799836,8.5,15740.0,15740.0,29588.281,11453.327,0.0,-1.1207055,-1.1190917
961.0,0.5799836,9.5,19837.0,19837.0,57509.0,21632.568,0.0,-1.250521,-0.39800864
961.0,0.5799836,10.5,21880.0,21880.0,56885.465,37789.477,0.0,-1.5185509,-0.7731609
961.0,0.5799836,11.5,22295.0,22295.0,12565.106,40964.312,0.0,-1.789317,-0.5783546
961.0,0.5799836,12.5,18400.0,18400.0,18582.398,37241.25,0.0,2.7772136,0.4744442
961.0,0.5799836,13.5,13260.0,13260.0,26668.361,29501.404,0.0,1.6029984,0.86130077
961.0,0.5799836,14.5,9009.0,9009.0,10873.627,12865.871,0.0,0.8776981,0.75778675
961.0,0.5799836,15.5,6203.0,6203.0,14976.491,7927.057,0.0,0.335024,0.22954056
961.0,0.5799836,16.5,2581.0,2581.0,4676.964,3017.745,0.0,0.07105005,-0.8397166
961.0,0.5799836,17.5,1122.0,1122.0,2320.5505,1383.7699,0.0,-0.66185653,2.639496
961.0,0.5799836,18.5,369.0,369.0,840.52124,754.45483,0.0,1.2950191,2.27576
961.0,0.5799836,19.5,200.0,200.0,359.71533,218.14528,0.0,1.81868,1.2623054
961.0,0.5799836,20.5,117.0,117.0,586.8753,557.2642,0.0,1.6802199,-0.07812699
961.0,0.5799836,21.5,64.0,64.0,222.29756,51.80412,0.0,-2.9347394,-2.9973464
963.0,0.5466833,0.5,0.0,0.0,0.0,0.0,0.0,0.0,0.0
963.0,0.5466833,1.5,4106.0,4106.0,11846.035,1088.6278,0.0,-1.3774128,-0.00860403
963.0,0.5466833,2.5,4227.0,4227.0,11243.952,4561.545,0.0,-2.7799478,0.08751329
963.0,0.5466833,3.5,5223.0,5223.0,6235.1357,3521.2341,0.0,-2.515368,1.0774932
963.0,0.5466833,4.5,6634.0,6634.0,10548.278,2022.0991,0.0,-2.2462494,-1.7026598
963.0,0.5466833,5.5,8947.0,8947.0,20724.148,8209.177,0.0,-2.4882224,1.9115016
963.0,0.5466833,6.5,9626.0,9626.0,12420.829,3855.203,0.0,-2.809808,-2.8497047
963.0,0.5466833,7.5,12208.0,12208.0,6696.259,6528.249,0.0,-1.1294079,-1.8742744
963.0,0.5466833,8.5,16012.0,16012.0,18117.168,6521.7817,0.0,-0.5669293,-2.013298
963.0,0.5466833,9.5,19770.0,19770.0,41013.047,6645.8013,0.0,-1.2394388,-1.498933
963.0,0.5466833,10.5,21562.0,21562.0,39432.297,24132.27,0.0,-1.71726,-0.9786729
963.0,0.5466833,11.5,22112.0,22112.0,30802.377,45276.13,0.0,-2.4260218,-1.0143276
963.0,0.5466833,12.5,18952.0,18952.0,15066.282,25806.568,0.0,-2.975247,-0.79950887
963.0,0.5466833,13.5,13517.0,13517.0,17602.822,21389.98,0.0,1.1345212,0.2920741
963.0,0.5466833,14.5,8521.0,8521.0,14392.6455,25082.188,0.0,0.73240423,0.4398873
963.0,0.5466833,15.5,5693.0,5693.0,14121.555,15361.335,0.0,0.20672113,-0.2407581
963.0,0.5466833,16.5,2912.0,2912.0,8879.667,8831.495,0.0,0.20812993,-1.0443697
963.0,0.5466833,17.5,1233.0,1233.0,4130.112,3254.3777,0.0,0.123474106,-1.8033564
963.0,0.5466833,18.5,361.0,361.0,713.5527,670.61426,0.0,-0.23760913,-2.66353
963.0,0.5466833,19.5,200.0,200.0,294.4746,304.19922,0.0,0.83667225,-2.9083765
963.0,0.5466833,20.5,152.0,152.0,761.4156,167.48007,0.0,1.7191802,-0.10143917
963.0,0.5466833,21.5,87.0,87.0,288.69635,341.91205,0.0,2.3357453,1.9447438
965.0,0.51318854,0.5,0.0,0.0,0.0,0.0,0.0,0.0,0.0
965.0,0.51318854,1.5,4112.0,4112.0,12946.798,4412.3984,0.0,-0.60292536,2.9946444
965.0,0.51318854,2.5,4127.0,4127.0,8416.6045,247.39459,0.0,-1.9566964,1.5082133
965.0,0.51318854,3.5,5332.0,5332.0,10973.595,5441.0366,0.0,-2.46896,-0.41883755
965.0,0.51318854,4.5,5981.0,5981.0,10824.13,1135.8663,0.0,-1.8090624,2.7662058
965.0,0.51318854,5.5,8320.0,8320.0,20593.668,7078.788,0.0,-1.9290612,1.080435
965.0,0.51318854,6.5,9455.0,9455.0,11097.964,10335.081,0.0,-2.329515,2.367832
965.0,0.51318854,7.5,11283.0,11283.0,3724.6462,10514.459,0.0,-1.3549536,-2.2985601
965.0,0.51318854,8.5,15551.0,15551.0,14138.237,16969.758,0.0,0.112803966,-2.120327
965.0,0.51318854,9.5,19514.0,19514.0,22084.322,11756.177,0.0,-0.66698587,-2.2318013
965.0,0.51318854,10.5,21006.0,21006.0,33458.453,22203.908,0.0,-1.5301508,-1.643509
965.0,0.51318854,11.5,21998.0,21998.0,31531.11,43552.816,0.0,-2.601285,-1.2489314
965.0,0.51318854,12.5,18212.0,18212.0,18939.307,19519.77,0.0,-2.9094079,-1.2554606
965.0,0.51318854,13.5,13292.0,13292.0,9322.041,7487.639,0.0,1.906002,-0.31227294
965.0,0.51318854,14.5,8778.0,8778.0,15736.921,23124.744,0.0,0.67480695,-0.109741144
965.0,0.51318854,15.5,5524.0,5524.0,17818.324,21050.428,0.0,0.37864792,-0.4033152
965.0,0.51318854,16.5,2873.0,2873.0,14262.797,12133.592,0.0,0.033285737,-1.4163041
965.0,0.51318854,17.5,1102.0,1102.0,4667.768,4350.973,0.0,0.16304006,-1.76932
965.0,0.51318854,18.5,386.0,386.0,914.6661,700.3939,0.0,1.071213,-1.4224602
965.0,0.51318854,19.5,190.0,190.0,426.42184,514.0448,0.0,0.5595786,-2.1721056
965.0,0.51318854,20.5,96.0,96.0,390.15967,457.85623,0.0,0.47528607,-2.6990573
965.0,0.51318854,21.5,89.0,89.0,268.4048,16.087978,0.0,0.29231405,2.20818
966.0,0.49912122,0.5,0.0,0.0,0.0,0.0,0.0,0.0,0.0
966.0,0.49912122,1.5,3916.0,3916.0,10638.39,6869.074,0.0,-0.1989492,2.645295
966.0,0.49912122,2.5,3824.0,3824.0,9460.133,2552.486,0.0,-1.8511652,-2.5073838
966.0,0.49912122,3.5,5128.0,5128.0,8320.504,4320.1616,0.0,-2.774201,-0.8499502
966.0,0.49912122,4.5,5936.0,5936.0,10525.683,1056.5474,0.0,-2.2068157,-1.9049848
966.0,0.49912122,5.5,8184.0,8184.0,20112.092,4554.6616,0.0,-1.9943445,0.31097403
966.0,0.49912122,6.5,9423.0,9423.0,15636.896,10550.096,0.0,-2.368307,2.0713606
966.0,0.49912122,7.5,11272.0,11272.0,3583.5288,9883.172,0.0,-1.304401,-2.6433992
966.0,0.49912122,8.5,15114.0,15114.0,14207.914,13928.043,0.0,0.13429242,-2.3283114
966.0,0.49912122,9.5,18847.0,18847.0,26811.145,17558.611,0.0,-0.50168717,-2.8043177
966.0,0.49912122,10.5,21101.0,21101.0,26660.553,26014.242,0.0,-1.5128496,-1.5888888
966.0,0.49912122,11.5,22023.0,22023.0,18048.43,40685.32,0.0,-2.7438674,-1.3856258
966.0,0.49912122,12.5,17455.0,17455.0,20066.54,21420.65,0.0,-2.8991966,-1.2566807
966.0,0.49912122,13.5,13120.0,13120.0,6650.2637,2205.8994,0.0,2.7547426,2.9902253
966.0,0.49912122,14.5,8954.0,8954.0,13520.386,19701.36,0.0,0.5937866,-0.33221114
966.0,0.49912122,15.5,5467.0,5467.0,18026.133,21026.469,0.0,0.306758,-0.52877074
966.0,0.49912122,16.5,2872.0,2872.0,14530.237,12655.632,0.0,0.027773725,-1.2770541
966.0,0.49912122,17.5,984.0,984.0,4697.039,4728.745,0.0,0.0117797395,-1.6150275
966.0,0.49912122,18.5,378.0,378.0,677.47015,1229.4607,0.0,0.5763948,-1.977689
966.0,0.49912122,19.5,171.0,171.0,164.34163,473.54266,0.0,-0.4029659,-1.7706208
966.0,0.49912122,20.5,107.0,107.0,189.39073,310.19153,0.0,0.012371693,2.876256
966.0,0.49912122,21.5,78.0,78.0,151.74481,44.008495,0.0,0.8241903,-1.2093095
968.0,0.47095105,0.5,0.0,0.0,0.0,0.0,0.0,0.0,0.0
968.0,0.47095105,1.5,3894.0,3894.0,8321.423,4164.1484,0.0,0.063979916,2.42566
968.0,0.47095105,2.5,3797.0,3797.0,12043.951,3807.8433,0.0,-1.4808617,3.0516186
968.0,0.47095105,3.5,4952.0,4952.0,11640.05,3156.9116,0.0,-2.3809776,-0.30556005
968.0,0.47095105,4.5,5933.0,5933.0,7652.727,2133.2375,0.0,-1.4219671,-0.031115899
968.0,0.47095105,5.5,8066.0,8066.0,14022.925,3607.5557,0.0,-1.5751907,0.5574772
968.0,0.47095105,6.5,8851.0,8851.0,12210.385,4930.7764,0.0,-2.2899153,1.2158022
968.0,0.47095105,7.5,10741.0,10741.0,8512.134,7730.169,0.0,-2.5721612,-2.526786
968.0,0.47095105,8.5,14392.0,14392.0,10922.036,16717.232,0.0,0.7966973,-2.811089
968.0,0.47095105,9.5,17929.0,17929.0,29492.928,17291.47,0.0,-0.47832808,-2.9323776
968.0,0.47095105,10.5,21145.0,21145.0,33299.504,23551.133,0.0,-0.89825135,-2.1356688
968.0,0.47095105,11.5,21112.0,21112.0,15126.526,44201.523,0.0,-2.4905396,-1.3855478
968.0,0.47095105,12.5,16806.0,16806.0,13841.419,18012.588,0.0,2.981827,-1.6132406
968.0,0.47095105,13.5,12450.0,12450.0,3777.3386,9922.211,0.0,1.5671456,-2.6702828
968.0,0.47095105,14.5,9310.0,9310.0,7285.734,6262.264,0.0,1.3687674,-0.43188438
968.0,0.47095105,15.5,5674.0,5674.0,13082.563,17902.842,0.0,0.29079208,-0.5594032
968.0,0.47095105,16.5,2812.0,2812.0,14644.143,14894.248,0.0,0.08332814,-1.2688546
968.0,0.47095105,17.5,914.0,914.0,5545.6104,5807.641,0.0,-0.28993446,-1.5251831
968.0,0.47095105,18.5,365.0,365.0,266.36963,757.70966,0.0,0.14756663,-1.9477928
968.0,0.47095105,19.5,176.0,176.0,478.41577,617.1277,0.0,-1.3086488,-2.88625
968.0,0.47095105,20.5,81.0,81.0,353.67242,312.43103,0.0,-1.8953756,-3.0525692
968.0,0.47095105,21.5,84.0,84.0,303.2675,228.14876,0.0,2.661285,0.09244077
970.0,0.44269395,0.5,0.0,0.0,0.0,0.0,0.0,0.0,0.0
970.0,0.44269395,1.5,3502.0,3502.0,5761.702,3706.2637,0.0,0.51493263,-1.7657927
970.0,0.44269395,2.5,3611.0,3611.0,7704.714,2308.3914,0.0,-1.0566974,1.4128997
970.0,0.44269395,3.5,5111.0,5111.0,11239.027,2884.189,0.0,-2.061692,1.991781
970.0,0.44269395,4.5,5696.0,5696.0,8329.438,1746.1249,0.0,-1.6251761,1.1573793
970.0,0.44269395,5.5,8121.0,8121.0,17723.25,4574.3296,0.0,-1.8803616,1.3990995
970.0,0.44269395,6.5,8621.0,8621.0,14033.744,5883.4404,0.0,-2.6184378,1.3008366
970.0,0.44269395,7.5,10195.0,10195.0,6693.1753,6099.804,0.0,-2.5983882,2.7163193
970.0,0.44269395,8.5,13869.0,13869.0,20119.535,16202.421,0.0,0.8795439,-3.0866952
970.0,0.44269395,9.5,17347.0,17347.0,28133.393,23957.232,0.0,0.09622035,-3.105597
970.0,0.44269395,10.5,21071.0,21071.0,36912.887,31610.514,0.0,-0.9526747,-2.3833103
970.0,0.44269395,11.5,19459.0,19459.0,15061.038,39424.695,0.0,-2.181974,-1.6601034
970.0,0.44269395,12.5,15543.0,15543.0,5242.585,32140.387,0.0,-2.2180345,-1.6898941
970.0,0.44269395,13.5,12484.0,12484.0,1870.3683,13598.516,0.0,1.5156529,-2.533381
970.0,0.44269395,14.5,9119.0,9119.0,11652.134,7043.6943,0.0,2.092133,0.53056204
970.0,0.44269395,15.5,5396.0,5396.0,9384.346,9309.696,0.0,0.5232018,-1.1428567
970.0,0.44269395,16.5,2757.0,2757.0,11706.891,11455.355,0.0,0.070349626,-1.2936395
970.0,0.44269395,17.5,943.0,943.0,4749.183,5724.49,0.0,-0.7165073,-1.6756055
970.0,0.44269395,18.5,266.0,266.0,1499.8624,1459.7378,0.0,0.13173725,-1.684183
970.0,0.44269395,19.5,105.0,105.0,197.01212,123.0496,0.0,0.8263687,0.1984244
970.0,0.44269395,20.5,90.0,90.0,443.66922,321.45242,0.0,-1.8600549,2.9040716
970.0,0.44269395,21.5,54.0,54.0,60.737198,214.04573,0.0,2.3207831,3.0209823
972.0,0.41142833,0.5,0.0,0.0,0.0,0.0,0.0,0.0,0.0
972.0,0.41142833,1.5,3537.0,3537.0,3636.2363,2885.4097,0.0,0.9154365,-2.2889266
972.0,0.41142833,2.5,3548.0,3548.0,10155.455,1460.854,0.0,-0.9841908,-0.5260311
972.0,0.41142833,3.5,4763.0,4763.0,11332.563,4420.2993,0.0,-1.9593216,1.342263
972.0,0.41142833,4.5,5805.0,5805.0,8262.923,1580.8562,0.0,-1.6953932,1.8201274
972.0,0.41142833,5.5,8143.0,8143.0,12062.037,2943.3003,0.0,-1.0328604,-3.1052775
972.0,0.41142833,6.5,8831.0,8831.0,11073.59,4840.895,0.0,-2.27463,1.4247906
972.0,0.41142833,7.5,10307.0,10307.0,5591.303,8976.12,0.0,3.0953424,1.6976179
972.0,0.41142833,8.5,13989.0,13989.0,17283.652,12789.729,0.0,1.3490884,3.0652165
972.0,0.41142833,9.5,17186.0,17186.0,43758.645,31324.121,0.0,0.09392992,2.588354
972.0,0.41142833,10.5,19597.0,19597.0,30482.404,38995.887,0.0,-0.17086917,3.0693629
972.0,0.41142833,11.5,18885.0,18885.0,14643.768,35902.81,0.0,-2.0802627,-2.2155309
972.0,0.41142833,12.5,15981.0,15981.0,23126.75,45349.094,0.0,-2.913186,-2.0251377
972.0,0.41142833,13.5,12127.0,12127.0,7826.714,19231.31,0.0,-2.1180406,-1.9857501
972.0,0.41142833,14.5,9355.0,9355.0,11667.329,1737.1924,0.0,1.5613219,-1.86629
972.0,0.41142833,15.5,5207.0,5207.0,9540.188,1849.9363,0.0,1.75855,1.0751274
972.0,0.41142833,16.5,2641.0,2641.0,7408.609,8290.224,0.0,0.12625767,-1.2283454
972.0,0.41142833,17.5,936.0,936.0,3787.8525,3755.015,0.0,-0.32795864,-2.1198473
972.0,0.41142833,18.5,261.0,261.0,1281.2972,1499.0481,0.0,-0.02375392,-1.5743717
972.0,0.41142833,19.5,97.0,97.0,547.36487,651.46234,0.0,0.6178052,-1.2949629
972.0,0.41142833,20.5,48.0,48.0,218.95538,32.539528,0.0,-1.7363653,-0.8760014
972.0,0.41142833,21.5,54.0,54.0,545.37634,288.66193,0.0,-1.9548897,2.4730396
974.0,0.38002428,0.5,0.0,0.0,0.0,0.0,0.0,0.0,0.0
974.0,0.38002428,1.5,3451.0,3451.0,4443.129,1958.5902,0.0,1.9089494,-1.5262232
974.0,0.38002428,2.5,3548.0,3548.0,8885.08,466.25458,0.0,-0.88029414,-1.7359787
974.0,0.38002428,3.5,4578.0,4578.0,10420.883,2331.8657,0.0,-1.5297395,0.5537948
974.0,0.38002428,4.5,5706.0,5706.0,12125.779,3912.856,0.0,-2.2253377,0.25324577
974.0,0.38002428,5.5,8003.0,8003.0,13331.944,195.10744,0.0,-1.5858948,0.16513711
974.0,0.38002428,6.5,8557.0,8557.0,10925.234,7250.6187,0.0,-2.251214,0.44797575
974.0,0.38002428,7.5,10389.0,10389.0,5611.9224,10700.049,0.0,-2.456197,1.1610729
974.0,0.38002428,8.5,13127.0,13127.0,19854.207,8539.642,0.0,0.77119535,1.8410808
974.0,0.38002428,9.5,16500.0,16500.0,39266.496,28200.428,0.0,0.15261252,2.0931685
974.0,0.38002428,10.5,18837.0,18837.0,37697.055,37996.367,0.0,0.16397779,2.7067604
974.0,0.38002428,11.5,18412.0,18412.0,7313.2856,30071.678,0.0,1.8272967,-2.438415
974.0,0.38002428,12.5,15985.0,15985.0,23484.992,37928.434,0.0,2.7405457,-2.2732635
974.0,0.38002428,13.5,12122.0,12122.0,23426.895,32508.457,0.0,-2.647654,-2.580182
974.0,0.38002428,14.5,8999.0,8999.0,5315.221,13234.23,0.0,-2.5652077,-2.9476335
974.0,0.38002428,15.5,5177.0,5177.0,16965.453,6145.221,0.0,1.261092,-0.41599518
974.0,0.38002428,16.5,2315.0,2315.0,7231.821,3355.3416,0.0,1.047046,-1.0857483
974.0,0.38002428,17.5,857.0,857.0,2431.1125,2682.2368,0.0,-0.7822614,-1.9456458
974.0,0.38002428,18.5,229.0,229.0,1038.1086,687.42334,0.0,-0.28642935,-1.0913895
974.0,0.38002428,19.5,97.0,97.0,759.3679,683.23895,0.0,0.2863264,-1.2690313
974.0,0.38002428,20.5,39.0,39.0,141.03236,194.51376,0.0,-2.1100504,1.6641628
974.0,0.38002428,21.5,28.0,28.0,328.53467,250.88147,0.0,-2.0893426,1.6049281
976.0,0.3469362,0.5,0.0,0.0,0.0,0.0,0.0,0.0,0.0
976.0,0.3469362,1.5,3443.0,3443.0,5951.4727,2639.916,0.0,-2.9982042,0.27548403
976.0,0.3469362,2.5,3626.0,3626.0,10112.039,3187.7395,0.0,-0.59956133,0.06354125
976.0,0.3469362,3.5,4356.0,4356.0,12420.435,2637.9272,0.0,-1.1244776,-2.7115607
976.0,0.3469362,4.5,5826.0,5826.0,10092.517,3341.9338,0.0,-1.5939691,-0.7403456
976.0,0.3469362,5.5,7931.0,7931.0,8150.051,3861.3657,0.0,-1.3412256,-0.19858082
976.0,0.3469362,6.5,8163.0,8163.0,7840.8643,3296.8354,0.0,-1.5808308,-0.6422031
976.0,0.3469362,7.5,10162.0,10162.0,6574.978,15756.07,0.0,-2.3298461,0.8000968
976.0,0.3469362,8.5,13315.0,13315.0,4778.4717,13335.771,0.0,1.0170121,1.138515
976.0,0.3469362,9.5,16249.0,16249.0,38741.035,20666.912,0.0,0.08576983,2.0195918
976.0,0.3469362,10.5,18601.0,18601.0,52145.94,38738.098,0.0,0.21367604,2.688401
976.0,0.3469362,11.5,19525.0,19525.0,22337.346,39500.344,0.0,0.9907341,-3.0857213
976.0,0.3469362,12.5,15422.0,15422.0,24059.555,40068.01,0.0,2.5804062,-2.7614715
976.0,0.3469362,13.5,11389.0,11389.0,22913.605,20625.385,0.0,-2.6763604,-2.8883495
976.0,0.3469362,14.5,8992.0,8992.0,10530.741,21379.121,0.0,-2.9775896,2.8300364
976.0,0.3469362,15.5,4993.0,4993.0,14658.587,3969.695,0.0,1.1856683,-2.928751
976.0,0.3469362,16.5,2068.0,2068.0,8508.593,4608.853,0.0,1.3648188,-0.54604465
976.0,0.3469362,17.5,824.0,824.0,897.9046,656.3912,0.0,-0.08346973,-0.9394559
976.0,0.3469362,18.5,265.0,265.0,1300.7947,342.94867,0.0,-0.27169585,1.7694871
976.0,0.3469362,19.5,106.0,106.0,572.2588,395.84436,0.0,-0.3209261,-0.9531493
976.0,0.3469362,20.5,39.0,39.0,122.2303,134.51237,0.0,-0.4100028,-1.8746138
976.0,0.3469362,21.5,32.0,32.0,398.99548,372.23068,0.0,-2.3332171,1.4442166
979.0,0.31205243,0.5,0.0,0.0,0.0,0.0,0.0,0.0,0.0
979.0,0.31205243,1.5,3447.0,3447.0,10142.179,4633.457,0.0,-2.4129941,0.8821122
979.0,0.31205243,2.5,3564.0,3564.0,5234.25,1864.7063,0.0,0.15243697,-0.09797861
979.0,0.31205243,3.5,4534.0,4534.0,11070.902,3269.1091,0.0,-0.54316956,-2.6177988
979.0,0.31205243,4.5,5817.0,5817.0,9624.426,2140.6987,0.0,-1.5989832,-1.857338
979.0,0.31205243,5.5,8123.0,8123.0,11057.147,1584.8779,0.0,-1.8485407,2.0459676
979.0,0.31205243,6.5,7929.0,7929.0,11684.785,5644.892,0.0,-1.8660535,-2.227596
979.0,0.31205243,7.5,9590.0,9590.0,12776.328,13150.766,0.0,-3.0222433,0.06488953
979.0,0.31205243,8.5,12782.0,12782.0,16286.361,15834.393,0.0,2.5560057,0.45348203
979.0,0.31205243,9.5,16290.0,16290.0,25210.973,26502.69,0.0,-0.29075208,1.002018
979.0,0.31205243,10.5,18323.0,18323.0,49395.098,40916.72,0.0,-0.14639877,2.033486
979.0,0.31205243,11.5,19354.0,19354.0,20410.27,38164.594,0.0,0.6783422,2.3631825
979.0,0.31205243,12.5,15211.0,15211.0,17349.506,41133.266,0.0,2.028047,3.0204306
979.0,0.31205243,13.5,10734.0,10734.0,13977.316,19409.514,0.0,3.0142007,3.1093757
979.0,0.31205243,14.5,7798.0,7798.0,7992.2603,9495.51,0.0,2.2699044,2.3137558
979.0,0.31205243,15.5,5160.0,5160.0,8902.743,3429.6448,0.0,1.4790874,2.8960164
979.0,0.31205243,16.5,2040.0,2040.0,5758.588,1322.4652,0.0,1.4366742,0.34475377
979.0,0.31205243,17.5,848.0,848.0,1895.8273,2302.627,0.0,1.6057626,0.38135603
979.0,0.31205243,18.5,379.0,379.0,957.79443,254.61806,0.0,-0.6557077,0.85046643
979.0,0.31205243,19.5,163.0,163.0,1590.9991,728.4208,0.0,0.06347031,0.97177994
979.0,0.31205243,20.5,25.0,25.0,115.95647,124.987724,0.0,-0.17601569,-0.27791038
979.0,0.31205243,21.5,25.0,25.0,345.39856,325.56735,0.0,-2.473399,1.3276931
980.0,0.2945998,0.5,0.0,0.0,0.0,0.0,0.0,0.0,0.0
980.0,0.2945998,1.5,3456.0,3456.0,5537.879,1603.7827,0.0,-2.1639519,2.0943842
980.0,0.2945998,2.5,3496.0,3496.0,754.52124,3057.5232,0.0,-2.5524638,0.77401525
980.0,0.2945998,3.5,4537.0,4537.0,10744.505,2922.5603,0.0,-0.68982005,-2.1875582
980.0,0.2945998,4.5,5784.0,5784.0,9840.156,6067.3486,0.0,-1.2710243,-2.3814538
980.0,0.2945998,5.5,8120.0,8120.0,8185.0176,1722.0836,0.0,-1.5839591,2.5948377
980.0,0.2945998,6.5,8398.0,8398.0,13364.785,6546.384,0.0,-1.9078774,-1.6441745
980.0,0.2945998,7.5,9372.0,9372.0,11949.967,9828.632,0.0,3.0178432,-0.04558078
980.0,0.2945998,8.5,12480.0,12480.0,22032.635,18558.352,0.0,2.3231034,-0.04398057
980.0,0.2945998,9.5,16005.0,16005.0,8250.123,22057.479,0.0,-0.04929942,0.5346822
980.0,0.2945998,10.5,19065.0,19065.0,43984.95,33215.332,0.0,-0.51289696,1.3453116
980.0,0.2945998,11.5,18836.0,18836.0,14746.34,31888.012,0.0,0.42006707,2.1766777
980.0,0.2945998,12.5,15481.0,15481.0,17447.377,41640.355,0.0,1.1644267,2.6481912
980.0,0.2945998,13.5,10632.0,10632.0,16762.332,20962.584,0.0,2.3275304,2.9655955
980.0,0.2945998,14.5,7646.0,7646.0,9682.813,8749.343,0.0,2.46094,2.7426581
980.0,0.2945998,15.5,5108.0,5108.0,10992.054,4715.269,0.0,1.6747663,2.4144208
980.0,0.2945998,16.5,2155.0,2155.0,5028.993,3330.9722,0.0,1.2673264,0.41940877
980.0,0.2945998,17.5,866.0,866.0,2710.2498,2651.1255,0.0,1.5955825,0.22165027
980.0,0.2945998,18.5,440.0,440.0,960.2604,696.8615,0.0,-0.9136399,0.88473564
980.0,0.2945998,19.5,154.0,154.0,1574.0995,555.29803,0.0,-0.0665156,1.1376306
980.0,0.2945998,20.5,33.0,33.0,179.93987,122.84442,0.0,-0.53068334,-0.05770864
980.0,0.2945998,21.5,29.0,29.0,327.56827,285.96613,0.0,-2.463425,1.2751327
982.0,0.2577179,0.5,0.0,0.0,0.0,0.0,0.0,0.0,0.0
982.0,0.2577179,1.5,3533.0,3533.0,1594.0856,1697.1951,0.0,-1.1033459,2.4728746
982.0,0.2577179,2.5,3576.0,3576.0,4149.8823,2423.871,0.0,2.009673,2.324851
982.0,0.2577179,3.5,4525.0,4525.0,9346.381,3133.2131,0.0,0.058965676,0.22339383
982.0,0.2577179,4.5,5715.0,5715.0,8400.683,2957.9895,0.0,-1.0458981,2.3375685
982.0,0.2577179,5.5,7647.0,7647.0,10961.527,2725.4058,0.0,-1.6532187,2.7707071
982.0,0.2577179,6.5,8745.0,8745.0,15019.163,8664.702,0.0,-1.5330532,-2.4455504
982.0,0.2577179,7.5,9460.0,9460.0,10138.974,6340.929,0.0,-2.4858618,-2.0367446
982.0,0.2577179,8.5,11625.0,11625.0,23646.734,8310.587,0.0,2.488221,-0.9492411
982.0,0.2577179,9.5,14887.0,14887.0,16278.542,8917.399,0.0,1.7766241,-0.057275083
982.0,0.2577179,10.5,18542.0,18542.0,12819.115,23446.762,0.0,-0.3673533,0.6884531
982.0,0.2577179,11.5,18853.0,18853.0,17431.84,26889.309,0.0,-0.9614255,1.861416
982.0,0.2577179,12.5,15067.0,15067.0,7709.183,28913.762,0.0,1.066638,2.4233637
982.0,0.2577179,13.5,10614.0,10614.0,18212.686,18212.65,0.0,1.3175222,2.2009125
982.0,0.2577179,14.5,7248.0,7248.0,14963.459,13086.672,0.0,1.6577886,2.5495543
982.0,0.2577179,15.5,4929.0,4929.0,8200.46,6712.2144,0.0,1.5273517,1.9268359
982.0,0.2577179,16.5,2574.0,2574.0,7805.843,5247.373,0.0,1.347743,0.7012446
982.0,0.2577179,17.5,902.0,902.0,2014.9514,1595.3918,0.0,0.670748,-0.065305196
982.0,0.2577179,18.5,450.0,450.0,275.10468,1375.868,0.0,1.2911946,1.1437708
982.0,0.2577179,19.5,146.0,146.0,1055.8907,525.2807,0.0,-0.44008747,-0.4524906
982.0,0.2577179,20.5,48.0,48.0,115.56116,158.60292,0.0,-1.0996189,0.30011883
982.0,0.2577179,21.5,8.0,8.0,49.578438,31.976421,0.0,-2.0976043,0.38005498
984.0,0.23829179,0.5,0.0,0.0,0.0,0.0,0.0,0.0,0.0
984.0,0.23829179,1.5,3381.0,3381.0,1877.1449,1480.259,0.0,2.9510458,-2.400216
984.0,0.23829179,2.5,3681.0,3681.0,9681.184,1166.6844,0.0,2.8240724,0.16977003
984.0,0.23829179,3.5,4836.0,4836.0,3533.1677,1389.5726,0.0,0.6925398,-0.22085561
984.0,0.23829179,4.5,5530.0,5530.0,7329.716,2837.1953,0.0,-1.0581963,0.6262671
984.0,0.23829179,5.5,7502.0,7502.0,11211.747,4821.134,0.0,-1.8033662,2.6391084
984.0,0.23829179,6.5,8441.0,8441.0,14158.028,6462.418,0.0,-1.8551568,-2.5146675
984.0,0.23829179,7.5,9645.0,9645.0,8494.746,6367.419,0.0,-2.7593732,-2.604657
984.0,0.23829179,8.5,11243.0,11243.0,16625.424,8844.522,0.0,2.8773358,-0.39533767
984.0,0.23829179,9.5,14520.0,14520.0,19280.434,8253.896,0.0,2.048155,0.6410768
984.0,0.23829179,10.5,18467.0,18467.0,8221.149,21784.916,0.0,0.7420968,0.67777187
984.0,0.23829179,11.5,18409.0,18409.0,13330.378,30802.748,0.0,-1.0798463,1.4180058
984.0,0.23829179,12.5,15284.0,15284.0,3576.113,21190.473,0.0,0.59537417,2.1145372
984.0,0.23829179,13.5,10278.0,10278.0,17704.04,15054.02,0.0,1.2941655,2.2251801
984.0,0.23829179,14.5,7120.0,7120.0,18347.162,11816.262,0.0,1.0218627,2.134461
984.0,0.23829179,15.5,4749.0,4749.0,8102.0757,6877.7856,0.0,1.3850222,1.9059016
984.0,0.23829179,16.5,2525.0,2525.0,6122.9863,5713.6475,0.0,1.4061518,1.2967203
984.0,0.23829179,17.5,1034.0,1034.0,2814.8523,2901.0117,0.0,1.2294891,0.81925505
984.0,0.23829179,18.5,409.0,409.0,782.39734,1446.1508,0.0,2.089485,0.8135383
984.0,0.23829179,19.5,144.0,144.0,905.3008,565.92755,0.0,-0.29393986,-0.723132
984.0,0.23829179,20.5,57.0,57.0,285.1813,294.04486,0.0,-0.48749307,-0.8696139
984.0,0.23829179,21.5,11.0,11.0,62.578053,4.281214,0.0,-2.310486,-3.0108495
989.0,0.16015473,0.5,0.0,0.0,0.0,0.0,0.0,0.0,0.0
989.0,0.16015473,1.5,3596.0,3596.0,488.2263,1394.4664,0.0,1.3437513,-0.59203404
989.0,0.16015473,2.5,3480.0,3480.0,7873.461,1492.6423,0.0,-2.4358983,3.0150926
989.0,0.16015473,3.5,4660.0,4660.0,8459.653,370.2798,0.0,2.9210393,0.20500882
989.0,0.16015473,4.5,5468.0,5468.0,8582.6455,3619.714,0.0,-0.86939406,-0.18101284
989.0,0.16015473,5.5,7847.0,7847.0,6983.9634,1471.0126,0.0,-0.7783179,0.26383382
989.0,0.16015473,6.5,7914.0,7914.0,10344.872,8350.701,0.0,-1.2355984,1.2655644
989.0,0.16015473,7.5,9064.0,9064.0,11862.794,12569.491,0.0,-2.2308266,2.821328
989.0,0.16015473,8.5,11986.0,11986.0,13668.7705,7235.028,0.0,2.6441526,-2.9774933
989.0,0.16015473,9.5,15105.0,15105.0,40502.95,16768.404,0.0,2.1139464,-0.45774537
989.0,0.16015473,10.5,18153.0,18153.0,26301.63,25487.229,0.0,1.8625634,-0.594332
989.0,0.16015473,11.5,16622.0,16622.0,8035.2734,21019.215,0.0,-1.1917267,0.69422317
989.0,0.16015473,12.5,12856.0,12856.0,12634.069,22423.688,0.0,2.7972548,0.4644246
989.0,0.16015473,13.5,10053.0,10053.0,8380.758,16906.719,0.0,1.0609361,0.5500029
989.0,0.16015473,14.5,7162.0,7162.0,14307.229,14522.059,0.0,0.26792157,0.512114
989.0,0.16015473,15.5,5092.0,5092.0,10422.081,12869.483,0.0,1.1976795,1.4062234
989.0,0.16015473,16.5,2774.0,2774.0,9153.993,5948.236,0.0,1.7813573,1.367627
989.0,0.16015473,17.5,991.0,991.0,6257.404,6550.821,0.0,1.1968154,0.5523436
989.0,0.16015473,18.5,281.0,281.0,1036.0582,1285.8157,0.0,1.080701,0.19243547
989.0,0.16015473,19.5,124.0,124.0,219.66779,551.9505,0.0,1.8417637,0.74782425
989.0,0.16015473,20.5,86.0,86.0,377.77103,428.37137,0.0,1.6991385,0.6170601
989.0,0.16015473,21.5,27.0,27.0,349.2413,306.7248,0.0,-0.6509788,-1.5229633
990.0,0.14045411,0.5,0.0,0.0,0.0,0.0,0.0,0.0,0.0
990.0,0.14045411,1.5,3603.0,3603.0,3702.8457,1808.5898,0.0,-1.6274307,-2.201886
990.0,0.14045411,2.5,3458.0,3458.0,6827.2485,3284.6858,0.0,-2.4789786,-1.0435394
990.0,0.14045411,3.5,4596.0,4596.0,10788.226,3775.246,0.0,-3.080391,1.539254
990.0,0.14045411,4.5,5688.0,5688.0,976.5375,5269.199,0.0,-1.6384476,0.77541995
990.0,0.14045411,5.5,7409.0,7409.0,9057.2705,2002.8809,0.0,-1.2315397,-0.56025076
990.0,0.14045411,6.5,8326.0,8326.0,10289.208,6590.259,0.0,-1.0524023,1.4835284
990.0,0.14045411,7.5,8862.0,8862.0,9071.216,10141.513,0.0,-2.4581342,2.5688834
990.0,0.14045411,8.5,11678.0,11678.0,14128.855,10736.054,0.0,-3.0437024,-2.8649852
990.0,0.14045411,9.5,15231.0,15231.0,34958.49,16704.275,0.0,1.9726448,-0.6133164
990.0,0.14045411,10.5,17507.0,17507.0,31697.768,32345.021,0.0,1.8970664,-0.6171908
990.0,0.14045411,11.5,16578.0,16578.0,4641.633,25468.037,0.0,3.0229824,0.48216158
990.0,0.14045411,12.5,12572.0,12572.0,8234.307,17075.744,0.0,2.3677845,0.17641345
990.0,0.14045411,13.5,10011.0,10011.0,7515.2134,20058.047,0.0,0.5122654,0.2562043
990.0,0.14045411,14.5,7005.0,7005.0,10046.978,13485.478,0.0,-0.29392734,0.027696785
990.0,0.14045411,15.5,4694.0,4694.0,11104.489,11334.263,0.0,1.3564607,0.953353
990.0,0.14045411,16.5,2672.0,2672.0,11372.29,6823.9365,0.0,1.7634376,1.3204592
990.0,0.14045411,17.5,940.0,940.0,4535.6006,4532.1177,0.0,1.1781099,0.6675816
990.0,0.14045411,18.5,258.0,258.0,1139.8684,1178.2512,0.0,1.2258763,0.325791
990.0,0.14045411,19.5,110.0,110.0,477.44897,630.5988,0.0,1.5772536,0.6154912
990.0,0.14045411,20.5,58.0,58.0,332.66696,518.6526,0.0,1.8283135,0.5641771
990.0,0.14045411,21.5,21.0,21.0,175.09332,180.73817,0.0,-0.507522,-1.2184929
993.0,0.10092528,0.5,0.0,0.0,0.0,0.0,0.0,0.0,0.0
993.0,0.10092528,1.5,3511.0,3511.0,6777.227,3660.2295,0.0,-2.0080264,3.0977662
993.0,0.10092528,2.5,3592.0,3592.0,9845.387,3828.6697,0.0,-1.6150163,-2.3113003
993.0,0.10092528,3.5,4421.0,4421.0,11289.431,615.01776,0.0,-2.631803,-1.0072589
993.0,0.10092528,4.5,5614.0,5614.0,2325.624,1288.6196,0.0,-2.2374818,-1.9287467
993.0,0.10092528,5.5,7496.0,7496.0,9611.656,6054.065,0.0,-0.9590877,-0.2218545
993.0,0.10092528,6.5,7992.0,7992.0,9816.347,5388.7583,0.0,-0.53293896,-0.106538646
993.0,0.10092528,7.5,9393.0,9393.0,9219.573,7055.3315,0.0,-2.1635303,1.1174879
993.0,0.10092528,8.5,11142.0,11142.0,19702.75,10584.909,0.0,3.0810704,2.5413861
993.0,0.10092528,9.5,13729.0,13729.0,34942.793,4731.24,0.0,1.9699937,-1.3982068
993.0,0.10092528,10.5,16762.0,16762.0,37226.04,34509.2,0.0,1.7768031,-0.9156224
993.0,0.10092528,11.5,16702.0,16702.0,15920.854,28114.666,0.0,2.0521111,-0.64428645
993.0,0.10092528,12.5,13930.0,13930.0,12722.326,23061.188,0.0,3.0561154,-0.15941592
993.0,0.10092528,13.5,9493.0,9493.0,9125.078,16799.236,0.0,0.005700388,-0.4504854
993.0,0.10092528,14.5,6256.0,6256.0,8812.097,19531.438,0.0,0.5553445,-0.38217777
993.0,0.10092528,15.5,4046.0,4046.0,5838.5625,3309.1265,0.0,2.1374788,-0.062873974
993.0,0.10092528,16.5,2144.0,2144.0,5588.0425,2558.5186,0.0,2.1887493,1.8564321
993.0,0.10092528,17.5,973.0,973.0,2592.664,2248.043,0.0,1.594355,1.1985724
993.0,0.10092528,18.5,287.0,287.0,2042.1213,2676.662,0.0,1.5598377,1.0954852
993.0,0.10092528,19.5,91.0,91.0,629.9811,724.4865,0.0,2.0121732,0.8108891
993.0,0.10092528,20.5,36.0,36.0,297.31702,373.2738,0.0,1.7730142,0.4673837
993.0,0.10092528,21.5,19.0,19.0,37.548687,117.6212,0.0,1.3516746,0.19149794
994.0,0.07909785,0.5,0.0,0.0,0.0,0.0,0.0,0.0,0.0
994.0,0.07909785,1.5,3467.0,3467.0,7100.3164,2481.9434,0.0,-1.7214172,2.0923443
994.0,0.07909785,2.5,3693.0,3693.0,11859.366,984.4591,0.0,-1.1337911,2.8328812
994.0,0.07909785,3.5,4321.0,4321.0,12060.627,6586.32,0.0,-2.084916,-2.4947271
994.0,0.07909785,4.5,5621.0,5621.0,5270.612,1711.3993,0.0,-2.7269685,2.7450802
994.0,0.07909785,5.5,7628.0,7628.0,8083.6226,3015.1128,0.0,-1.2267118,-1.1975198
994.0,0.07909785,6.5,7590.0,7590.0,7010.3003,5545.5444,0.0,-0.52834815,-0.04591585
994.0,0.07909785,7.5,9562.0,9562.0,3513.7341,5370.0874,0.0,-2.0844188,-0.06448316
994.0,0.07909785,8.5,10668.0,10668.0,12690.404,6391.7046,0.0,-3.033376,2.6286507
994.0,0.07909785,9.5,13162.0,13162.0,32177.34,3410.906,0.0,1.9228773,-1.3167696
994.0,0.07909785,10.5,16293.0,16293.0,48237.76,33577.914,0.0,1.8081206,-1.118567
994.0,0.07909785,11.5,16540.0,16540.0,27084.65,37159.86,0.0,2.087966,-0.9105589
994.0,0.07909785,12.5,13299.0,13299.0,7365.0674,22445.598,0.0,-2.9125032,-0.65844727
994.0,0.07909785,13.5,10161.0,10161.0,12180.374,24862.834,0.0,0.17534415,-0.83787286
994.0,0.07909785,14.5,6391.0,6391.0,5805.153,14066.1875,0.0,0.6435103,-0.38023344
994.0,0.07909785,15.5,3566.0,3566.0,4441.1494,3149.3645,0.0,2.0452085,0.8131413
994.0,0.07909785,16.5,1856.0,1856.0,3863.881,3153.5186,0.0,2.1907346,2.638131
994.0,0.07909785,17.5,910.0,910.0,1823.9631,1086.1412,0.0,2.714425,2.2528524
994.0,0.07909785,18.5,291.0,291.0,2462.3506,3236.0369,0.0,1.8186529,1.124616
994.0,0.07909785,19.5,96.0,96.0,1561.0555,1540.3934,0.0,1.9927657,0.87506765
994.0,0.07909785,20.5,39.0,39.0,386.52698,487.4279,0.0,1.7514921,0.3641983
994.0,0.07909785,21.5,24.0,24.0,99.21275,137.55794,0.0,1.5190073,0.24056461
996.0,0.057231825,0.5,0.0,0.0,0.0,0.0,0.0,0.0,0.0
996.0,0.057231825,1.5,3396.0,3396.0,4831.8774,2579.6172,0.0,-1.2599514,-1.0077964
996.0,0.057231825,2.5,3399.0,3399.0,8572.706,1626.5474,0.0,-0.6047093,-0.009284944
996.0,0.057231825,3.5,4414.0,4414.0,8788.101,887.4483,0.0,-1.847648,-3.0482044
996.0,0.057231825,4.5,5679.0,5679.0,4795.4243,3854.142,0.0,-2.7499137,-2.922997
996.0,0.057231825,5.5,7621.0,7621.0,3132.4895,9249.729,0.0,-1.2057724,-1.83449
996.0,0.057231825,6.5,7689.0,7689.0,10901.1045,9114.413,0.0,-0.63340425,-0.70673025
996.0,0.057231825,7.5,9306.0,9306.0,5544.6206,5815.388,0.0,-1.0561556,-0.065655574
996.0,0.057231825,8.5,10581.0,10581.0,8920.904,5834.244,0.0,-2.732448,-2.7639394
996.0,0.057231825,9.5,12607.0,12607.0,24019.027,4614.5386,0.0,2.066019,-2.154586
996.0,0.057231825,10.5,15898.0,15898.0,50529.242,37622.633,0.0,1.608158,-1.4548123
996.0,0.057231825,11.5,15864.0,15864.0,28742.475,31095.73,0.0,1.9556152,-1.4543895
996.0,0.057231825,12.5,12688.0,12688.0,8726.165,30518.648,0.0,2.2446551,-1.0483474
996.0,0.057231825,13.5,9706.0,9706.0,9912.652,17427.912,0.0,-0.6535342,-0.8234409
996.0,0.057231825,14.5,6668.0,6668.0,4101.9185,11990.801,0.0,0.5224246,-0.50131536
996.0,0.057231825,15.5,3573.0,3573.0,5332.9067,3090.825,0.0,2.321014,1.0567881
996.0,0.057231825,16.5,1699.0,1699.0,4636.726,4736.8057,0.0,2.5170937,2.391489
996.0,0.057231825,17.5,754.0,754.0,1620.5474,1066.8059,0.0,2.9746652,-2.9915454
996.0,0.057231825,18.5,274.0,274.0,2059.7307,2850.7458,0.0,1.6415386,0.91617906
996.0,0.057231825,19.5,132.0,132.0,2743.7637,2383.2847,0.0,1.9970931,0.8157654
996.0,0.057231825,20.5,38.0,38.0,627.5635,648.006,0.0,1.8951178,0.572865
996.0,0.057231825,21.5,27.0,27.0,72.25049,225.85893,0.0,0.3258572,-0.4140652
